1.032,51.142448,50.739531,2.058386,1.950585,538.627812
2.063,51.162396,50.72584,2.063111,1.948744,538.450314
3.093,51.159871,50.74008,2.052785,1.948522,538.472781
4.125,51.143667,50.736273,2.060161,1.948134,538.616959
5.157,51.137284,50.737095,2.057166,1.947569,538.673772
6.189,51.131608,50.727559,2.05558,1.948001,538.724285
7.22,51.12699,50.732752,2.053739,1.948212,538.765398
8.25,51.130601,50.722173,2.056656,1.947602,538.73325
9.281,51.138854,50.723421,2.061092,1.94687,538.659799
10.311,51.140246,50.751096,2.061957,1.947912,538.647408
11.344,51.129735,50.728468,2.057532,1.94728,538.740963
12.374,51.148649,50.734393,2.059029,1.948655,538.572629
13.406,51.18178,50.744892,2.057931,1.950086,538.277885
14.438,51.193727,50.725276,2.068346,1.950008,538.171642
15.471,51.177182,50.734664,2.059329,1.949465,538.318786
16.5,51.188324,50.742723,2.060815,1.954333,538.21969
17.532,51.174111,50.746572,2.060959,1.954932,538.346099
18.562,51.143206,50.731033,2.056113,1.953767,538.621067
19.595,51.157311,50.749611,2.057443,1.952048,538.495556
20.627,51.167923,50.750473,2.059495,1.950873,538.401146
21.657,51.17577,50.720392,2.063233,1.951572,538.331344
22.689,51.174938,50.743114,2.059773,1.951361,538.338743
23.72,51.17749,50.729565,2.06615,1.950019,538.316041
24.75,51.173975,50.726865,2.06574,1.950407,538.347306
25.781,51.177275,50.736228,2.054249,1.948622,538.317951
26.814,51.203713,50.736806,2.064575,1.949531,538.082845
27.845,51.199646,50.738123,2.064076,1.949509,538.119011
28.876,51.161255,50.739287,2.065662,1.949642,538.46046
29.907,51.197469,50.733681,2.065196,1.949099,538.138368
30.938,51.205318,50.765802,2.058397,1.949709,538.068581
31.97,51.20866,50.744727,2.053207,1.947912,538.038869
33.001,51.191688,50.753045,2.063688,1.947802,538.189772
34.032,51.1859,50.774816,2.060039,1.948378,538.241246
35.065,51.18841,50.770286,2.061026,1.948334,538.218921
36.094,51.1892,50.765483,2.059739,1.949021,538.211897
37.127,51.202218,50.745893,2.058919,1.949188,538.096144
38.158,51.21739,50.746639,2.065263,1.949088,537.961263
39.188,51.194174,50.753746,2.061159,1.947979,538.167669
40.221,51.176054,50.752024,2.055114,1.948644,538.328819
41.253,51.201657,50.753937,2.05802,1.94921,538.101125
42.285,51.188452,50.757225,2.061647,1.948633,538.218548
43.317,51.18005,50.766881,2.058419,1.947036,538.293274
44.348,51.195109,50.759433,2.054371,1.947014,538.15935
45.378,51.195677,50.776207,2.061492,1.946693,538.154302
46.408,51.197113,50.747738,2.064209,1.946992,538.141529
47.44,51.200401,50.766432,2.058087,1.947502,538.112296
48.471,51.20261,50.75489,2.058763,1.947835,538.092654
49.502,51.16128,50.760542,2.05873,1.948944,538.460241
50.534,51.179524,50.751726,2.061225,1.9487,538.297951
51.566,51.217883,50.775735,2.061203,1.951161,537.956875
52.596,51.21929,50.749132,2.063987,1.950618,537.94437
53.629,51.209208,50.751209,2.054793,1.950175,538.033998
54.659,51.160029,50.753759,2.037191,1.94799,538.471375
55.692,51.178097,50.745658,1.985396,1.931191,538.31064
56.724,51.184745,50.740154,1.947587,1.904135,538.251519
57.755,51.199387,50.745436,1.938947,1.870781,538.121316
58.787,51.189442,50.763131,1.94335,1.84164,538.209746
59.818,51.18257,50.741256,1.950592,1.832803,538.27086
60.849,51.208768,50.760967,1.956981,1.835375,538.037904
61.882,51.174518,50.753497,1.96236,1.842483,538.342476
62.913,51.187798,50.752111,1.96287,1.848803,538.224365
63.945,51.175577,50.763974,1.96805,1.851731,538.333057
64.976,51.196963,50.757951,1.967506,1.85376,538.142868
66.007,51.188042,50.758798,1.981958,1.857563,538.222192
67.037,51.205997,50.754823,2.000435,1.864494,538.062546
68.068,51.199727,50.74281,2.005038,1.873675,538.118287
69.101,51.192224,50.769406,2.004606,1.883233,538.185009
70.132,51.171539,50.747733,2.010983,1.889021,538.368978
71.166,51.18358,50.766891,2.011759,1.893545,538.261881
72.196,51.188205,50.759974,2.001655,1.894776,538.220743
73.228,51.163445,50.757121,2.004816,1.896229,538.440981
74.255,51.16893,50.770767,2.004328,1.896894,538.392187
75.287,51.182982,50.758317,2.01187,1.896894,538.267194
76.317,51.210032,50.774411,2.016196,1.898236,538.026669
77.349,51.206648,50.754399,2.017172,1.899999,538.056753
78.38,51.184402,50.75473,2.012247,1.901185,538.254571
79.412,51.163243,50.747442,2.009652,1.902228,538.442782
80.442,51.180351,50.75909,2.019357,1.902339,538.290596
81.475,51.18451,50.746612,2.015963,1.900509,538.253605
82.508,51.187294,50.759799,2.017338,1.900731,538.228843
83.539,51.178199,50.748316,2.017771,1.900542,538.30974
84.571,51.202129,50.751703,2.013401,1.899101,538.096934
85.601,51.204195,50.754633,2.008521,1.899966,538.078566
86.632,51.161307,50.757114,2.012392,1.901052,538.459999
87.663,51.219475,50.746644,2.006436,1.901696,537.942724
88.695,51.169702,50.756224,2.020233,1.902505,538.385314
89.729,51.191239,50.753099,2.015497,1.90123,538.193766
90.761,51.174782,50.753074,2.018148,1.901296,538.340126
91.791,51.209803,50.780416,2.017915,1.903204,538.02871
92.822,51.211441,50.76868,2.012214,1.904723,538.01414
93.855,51.218713,50.759159,2.017627,1.903836,537.949503
94.888,51.217419,50.755703,2.020987,1.904412,537.960999
95.917,51.223195,50.759517,2.015797,1.905011,537.909663
96.95,51.210605,50.775483,2.021741,1.904013,538.021578
97.98,51.212853,50.752736,2.020921,1.903691,538.001589
99.011,51.182096,50.760488,2.021486,1.90551,538.275075
100.042,51.198036,50.743447,2.023704,1.903647,538.133321
101.073,51.225221,50.793321,2.023205,1.90561,537.891653
102.104,51.212081,50.764167,2.021597,1.906053,538.008457
103.135,51.228699,50.784305,2.015408,1.907096,537.860745
104.169,51.210545,50.777299,2.015641,1.90775,538.022105
105.201,51.213855,50.778196,2.025346,1.906441,537.992681
106.234,51.20672,50.770231,2.017294,1.908005,538.056117
107.265,51.226075,50.770631,2.015475,1.90724,537.884063
108.294,51.213273,50.766471,2.016861,1.906586,537.997859
109.329,51.225631,50.750937,2.012702,1.90663,537.888012
110.36,51.220887,50.768245,2.021309,1.906042,537.930175
111.392,51.219853,50.777808,2.015198,1.905576,537.939367
112.423,51.230836,50.759522,2.065074,1.911442,537.84175
113.457,51.203346,50.778072,2.089097,1.929738,538.086115
114.489,51.214635,50.792852,2.124589,1.955464,537.985748
115.521,51.209864,50.771528,2.138719,1.98415,538.028161
116.552,51.187117,50.790342,2.124444,2.003045,538.230424
117.582,51.213354,50.801535,2.11911,2.0085,537.997135
118.614,51.246699,50.807883,2.113564,2.006737,537.700797
119.645,51.226974,50.80544,2.105834,2.001193,537.876078
120.675,51.219781,50.794023,2.110237,1.996125,537.940004
121.71,51.245874,50.794993,2.10163,1.992211,537.708121
122.741,51.255697,50.795342,2.10214,1.990648,537.620852
123.773,51.248414,50.784865,2.106876,1.990138,537.685557
124.805,51.257086,50.789364,2.083241,1.988363,537.608509
125.837,51.224829,50.808994,2.075921,1.98038,537.895141
126.868,51.227791,50.800425,2.066449,1.96938,537.868818
127.899,51.250934,50.788084,2.060005,1.959733,537.663169
128.93,51.266835,50.802026,2.061148,1.952969,537.521915
129.965,51.263123,50.797041,2.067492,1.949088,537.554885
130.997,51.223844,50.80251,2.066838,1.948844,537.903894
132.029,51.25394,50.779473,2.069466,1.949232,537.636463
133.058,51.249381,50.784843,2.067259,1.950751,537.676961
134.088,51.256768,50.797288,2.066738,1.95033,537.611337
135.121,51.268942,50.815898,2.066239,1.949687,537.503195
136.153,51.257736,50.822768,2.068313,1.949953,537.602743
137.183,51.249833,50.815765,2.059662,1.949199,537.672948
138.214,51.253693,50.819211,2.064032,1.948999,537.638656
139.248,51.250714,50.809637,2.062878,1.948877,537.665121
140.279,51.257731,50.804301,2.067026,1.949299,537.602786
141.31,51.286864,50.802925,2.05995,1.949132,537.344038
142.343,51.269646,50.823371,2.058353,1.949154,537.496948
143.373,51.26604,50.83191,2.064043,1.948822,537.528973
144.406,51.264786,50.846972,2.060638,1.948833,537.540109
145.437,51.247061,50.831035,2.062301,1.947912,537.697573
146.467,51.250381,50.821644,2.063044,1.946482,537.668081
147.498,51.277931,50.819154,2.063189,1.94605,537.423369
148.528,51.27698,50.81679,2.059739,1.94738,537.431807
149.562,51.269638,50.813861,2.066904,1.947879,537.497014
150.595,51.258779,50.82651,2.063921,1.948289,537.593469
151.626,51.267511,50.826527,2.06961,1.949066,537.515909
152.658,51.25215,50.81616,2.068656,1.949775,537.652359
153.691,51.250016,50.819124,2.061325,1.95135,537.671326
154.722,51.275004,50.820908,2.063288,1.950829,537.449363
155.755,51.270734,50.834597,2.072117,1.952193,537.487281
156.786,51.262346,50.825109,2.070731,1.953002,537.56179
157.818,51.279392,50.834224,2.063155,1.952071,537.410395
158.848,51.262348,50.827007,2.072084,1.951184,537.561768
159.879,51.245625,50.821123,2.064176,1.952814,537.710336
160.909,51.259596,50.812453,2.073093,1.952836,537.586212
161.941,51.256186,50.816012,2.067514,1.951771,537.616511
162.973,51.255586,50.820325,2.068069,1.953324,537.621839
164.003,51.273992,50.844378,2.073537,1.953534,537.458349
165.038,51.26951,50.822605,2.073625,1.954033,537.498153
166.069,51.268765,50.845122,2.069921,1.953091,537.504773
167.105,51.267341,50.844092,2.073936,1.953945,537.517421
168.134,51.279468,50.828795,2.063932,1.954743,537.409715
169.168,51.274392,50.826144,2.070298,1.953767,537.454798
170.198,51.255275,50.835254,2.064464,1.954189,537.624601
171.23,51.270186,50.858072,2.072505,1.953368,537.492147
172.26,51.26627,50.850039,2.072616,1.952592,537.526935
173.291,51.280078,50.831403,2.066527,1.952292,537.404302
174.325,51.291899,50.843442,2.064264,1.953557,537.299337
175.358,51.283424,50.847043,2.068668,1.951805,537.374586
176.389,51.288533,50.834367,2.066239,1.951538,537.329225
177.424,51.275463,50.853646,2.067015,1.951206,537.445286
178.458,51.284557,50.862278,2.061148,1.950363,537.364527
179.493,51.276588,50.854468,2.058486,1.949664,537.435292
180.526,51.267383,50.864234,2.068202,1.948766,537.517048
181.559,51.28239,50.838117,2.065318,1.950629,537.383768
182.589,51.283128,50.833651,2.062823,1.951372,537.377215
183.621,51.288113,50.834575,2.062257,1.952492,537.33295
184.654,51.277264,50.856066,2.071307,1.952326,537.429287
185.684,51.279315,50.865392,2.069388,1.95206,537.411074
