1.026,39.143157,38.918123,1.159058,1.051117,662.393038
2.055,39.147835,38.913005,1.163661,1.047447,662.335497
3.086,39.143511,38.918469,1.165757,1.045096,662.388683
4.121,39.138459,38.929497,1.154178,1.043488,662.450838
5.151,39.137864,38.938359,1.162474,1.042191,662.45815
6.184,39.160509,38.942925,1.161465,1.042734,662.179656
7.213,39.154007,38.940112,1.164748,1.042235,662.259588
8.245,39.145322,38.93658,1.164271,1.042657,662.366412
9.279,39.153995,38.951323,1.163383,1.042878,662.259744
10.335,39.146128,38.960208,1.166112,1.042967,662.35649
11.364,39.144634,38.95147,1.166788,1.043377,662.374873
12.395,39.160382,38.950577,1.165136,1.043222,662.18121
13.427,39.149436,38.949211,1.163328,1.042302,662.315811
14.462,39.15825,38.955591,1.156019,1.042967,662.207417
15.494,39.154807,38.947997,1.154877,1.042047,662.249763
16.526,39.144892,38.948528,1.146847,1.04167,662.3717
17.558,39.147805,38.96081,1.141589,1.037367,662.33587
18.59,39.147792,38.941918,1.140747,1.032156,662.336025
19.622,39.161869,38.949775,1.137098,1.025747,662.162932
20.656,39.15401,38.949401,1.135345,1.020413,662.259557
21.686,39.156867,38.94953,1.126894,1.0159,662.224423
22.717,39.159343,38.934321,1.131086,1.013294,662.193987
23.747,39.166238,38.93719,1.131175,1.011254,662.109221
24.778,39.160458,38.940729,1.131574,1.011542,662.180277
25.809,39.147903,38.953109,1.134269,1.012097,662.334657
26.84,39.146697,38.9455,1.122724,1.010367,662.349492
27.871,39.153798,38.945773,1.134414,1.010644,662.262169
28.901,39.150563,38.934652,1.126838,1.010932,662.301941
29.932,39.149504,38.935768,1.13448,1.011875,662.314971
30.966,39.144163,38.954675,1.119718,1.012208,662.380658
32.036,39.158008,38.933704,1.121481,1.010045,662.210402
33.068,39.143933,38.950997,1.117722,1.008238,662.383489
34.101,39.140279,38.95064,1.129234,1.008083,662.428439
35.135,39.136539,38.941455,1.126217,1.007628,662.474453
36.167,39.147683,38.940597,1.125119,1.007562,662.337363
37.198,39.149732,38.956954,1.12035,1.008282,662.312172
38.232,39.154875,38.944298,1.131009,1.00897,662.248923
39.265,39.136517,38.939363,1.120139,1.009258,662.474733
40.295,39.142563,38.952416,1.124254,1.009291,662.400348
41.326,39.125114,38.955642,1.13133,1.008282,662.615054
42.355,39.143574,38.937321,1.123123,1.008571,662.387906
43.388,39.159998,38.94955,1.122779,1.008593,662.185935
44.419,39.159838,38.940114,1.119696,1.008371,662.187894
45.451,39.144027,38.950263,1.130465,1.008182,662.382338
46.483,39.146472,38.937802,1.130365,1.008249,662.35226
47.515,39.129891,38.939135,1.131419,1.009269,662.556261
48.546,39.130685,38.952226,1.119751,1.008903,662.546489
49.578,39.150617,38.939047,1.123034,1.007395,662.301288
50.608,39.15907,38.948171,1.129811,1.00867,662.197344
51.642,39.137723,38.936871,1.125707,1.007251,662.459892
52.672,39.151866,38.954268,1.13092,1.007573,662.285926
53.706,39.1375,38.937367,1.11943,1.008515,662.46263
54.74,39.166481,38.950395,1.130776,1.009036,662.106238
55.775,39.129778,38.957868,1.129223,1.008316,662.557661
56.809,39.165078,38.947569,1.12076,1.008171,662.123487
57.84,39.162233,38.952646,1.121858,1.008515,662.158455
58.875,39.1558,38.950706,1.123489,1.008027,662.237543
59.907,39.162827,38.951794,1.125563,1.007939,662.151151
60.935,39.150958,38.942138,1.13021,1.00826,662.297089
61.966,39.164185,38.940544,1.119241,1.008094,662.134459
62.997,39.148351,38.9455,1.12858,1.007129,662.329152
64.027,39.153704,38.949021,1.130842,1.008792,662.26332
65.06,39.169849,38.952985,1.1296,1.007606,662.064842
66.091,39.168694,38.939436,1.130565,1.008149,662.079044
67.125,39.158336,38.930382,1.129323,1.00734,662.20636
68.158,39.171523,38.965021,1.128092,1.007074,662.044271
69.191,39.159219,38.951288,1.130898,1.008238,662.19551
70.224,39.154951,38.950686,1.126539,1.007783,662.24799
71.254,39.161583,38.942892,1.12909,1.006785,662.166444
72.285,39.155818,38.953689,1.131097,1.00785,662.237326
73.317,39.169523,38.95169,1.127825,1.008726,662.068851
74.351,39.158554,38.9542,1.130765,1.008471,662.203686
75.383,39.164706,38.944716,1.119784,1.007905,662.128056
76.415,39.166294,38.952247,1.128624,1.007573,662.108538
77.449,39.175392,38.947789,1.125984,1.008571,661.996731
78.479,39.170676,38.937337,1.127703,1.008582,662.054681
79.511,39.163927,38.94825,1.125241,1.007351,662.13763
80.541,39.163191,38.944878,1.120184,1.008027,662.146675
81.573,39.166736,38.945543,1.119252,1.007761,662.103099
82.607,39.181592,38.949553,1.127471,1.008482,661.920558
83.637,39.160157,38.952932,1.130609,1.008815,662.183977
84.666,39.163164,38.968085,1.129145,1.007517,662.147017
85.697,39.172575,38.958331,1.129223,1.007672,662.031345
86.728,39.171245,38.953127,1.130188,1.008316,662.047689
87.76,39.173905,38.94829,1.121382,1.007783,662.015001
88.794,39.164703,38.949899,1.12828,1.00755,662.128087
89.825,39.157156,38.950693,1.126151,1.00765,662.220879
90.858,39.17547,38.949421,1.126805,1.007428,661.995768
91.89,39.174952,38.960147,1.126716,1.008205,662.002138
92.924,39.172304,38.956491,1.119585,1.007894,662.034669
93.954,39.17101,38.970465,1.130565,1.007695,662.050579
94.987,39.174122,38.966716,1.125363,1.008438,662.012329
96.017,39.182722,38.97133,1.131319,1.008881,661.906673
97.049,39.164362,38.970235,1.129057,1.00744,662.132283
98.077,39.171601,38.968156,1.131219,1.008449,662.043308
99.11,39.18258,38.952338,1.129955,1.008038,661.908413
100.143,39.172931,38.957233,1.130266,1.00795,662.026963
101.176,39.168759,38.95765,1.122735,1.009269,662.078236
102.209,39.179882,38.965664,1.119906,1.007861,661.941557
103.239,39.175789,38.9707,1.130787,1.007695,661.991854
104.27,39.191233,38.974679,1.123489,1.007384,661.802138
105.3,39.189513,38.97063,1.119407,1.007661,661.823254
106.33,39.161156,38.971358,1.119696,1.008194,662.171698
107.361,39.176974,38.970938,1.130809,1.007927,661.977283
108.393,39.181799,38.965467,1.121759,1.007761,661.918011
109.423,39.186188,38.967634,1.121304,1.008205,661.864091
110.456,39.18098,38.975221,1.128269,1.006763,661.928075
111.488,39.186957,38.968487,1.119263,1.006941,661.85465
112.519,39.182621,38.963653,1.127726,1.007695,661.907916
113.552,39.189903,38.979313,1.125674,1.006042,661.818472
114.584,39.17948,38.977136,1.122369,1.006918,661.946496
115.617,39.176967,38.960658,1.126983,1.007207,661.977376
116.648,39.172921,38.984327,1.122868,1.007639,662.027088
117.68,39.19569,38.971464,1.122524,1.008559,661.747399
118.71,39.192714,38.980922,1.126395,1.007761,661.783943
119.741,39.185892,38.974356,1.119962,1.007761,661.867725
120.773,39.184631,38.983578,1.121803,1.00806,661.883223
121.806,39.183109,38.975517,1.120528,1.008382,661.901921
122.836,39.186454,38.981375,1.13112,1.008914,661.860831
123.866,39.188831,38.989702,1.126694,1.008992,661.831638
124.898,39.198375,38.990911,1.139527,1.010245,661.71443
125.93,39.173622,39.001333,1.133138,1.013594,662.018481
126.965,39.205462,38.992067,1.144185,1.016377,661.627427
127.997,39.195402,38.99834,1.144373,1.019415,661.750939
129.029,39.192514,38.996185,1.136598,1.022143,661.786396
130.061,39.206454,38.989196,1.134924,1.022575,661.615262
131.093,39.205877,38.992927,1.134946,1.021755,661.622337
132.124,39.213462,38.97541,1.137397,1.022232,661.529246
133.158,39.226212,38.998108,1.135301,1.022021,661.372819
134.191,39.212858,38.982647,1.13529,1.022553,661.536662
135.222,39.221201,39.007069,1.145738,1.022453,661.434289
136.255,39.211343,39.011804,1.140192,1.021533,661.555247
137.286,39.225552,38.99769,1.140292,1.021577,661.380913
138.319,39.218746,38.993028,1.139471,1.020579,661.464408
139.35,39.212949,39.00909,1.139393,1.019615,661.535545
140.381,39.206835,38.998411,1.141822,1.019082,661.610575
141.41,39.215331,39.000915,1.142155,1.018961,661.506319
142.443,39.212999,39.006488,1.131962,1.019204,661.534924
143.471,39.215245,39.009829,1.132473,1.018839,661.507374
144.503,39.216069,39.018219,1.133371,1.019315,661.49726
145.535,39.22917,39.013132,1.138894,1.019326,661.336537
146.568,39.232561,39.019802,1.141944,1.019293,661.294958
147.598,39.214375,39.015383,1.131785,1.019759,661.518046
148.634,39.220756,39.016228,1.140869,1.019127,661.439748
149.663,39.204335,39.009356,1.131075,1.01845,661.641269
150.694,39.223909,39.024633,1.142687,1.019304,661.401071
151.723,39.208135,39.018677,1.131918,1.018295,661.594625
152.757,39.22269,39.021692,1.141479,1.018417,661.416021
153.788,39.247538,39.019172,1.134214,1.018273,661.111339
154.823,39.244749,39.024684,1.141068,1.018894,661.14552
155.853,39.21773,39.008458,1.130454,1.019349,661.476879
156.886,39.232692,39.018469,1.135179,1.018151,661.293346
157.917,39.233218,39.029021,1.132927,1.017996,661.286897
158.947,39.21241,39.034616,1.142721,1.018883,661.542153
159.98,39.228918,39.025265,1.139438,1.01845,661.339638
161.01,39.236434,39.026358,1.143187,1.018229,661.247463
162.042,39.242964,39.025394,1.140292,1.018184,661.1674
163.073,39.236692,39.030939,1.136931,1.019537,661.244301
164.106,39.239,39.028794,1.135833,1.017885,661.215999
165.138,39.231061,39.015049,1.137597,1.016554,661.313344
166.171,39.233097,39.022023,1.14129,1.019238,661.288385
167.203,39.233797,39.02283,1.136288,1.017253,661.279797
168.232,39.225469,39.019671,1.136,1.017009,661.381936
169.263,39.231868,39.021732,1.139438,1.018705,661.303453
170.294,39.236522,39.032105,1.139859,1.017419,661.246378
171.326,39.230816,39.019681,1.139172,1.017929,661.316352
172.356,39.238401,39.032165,1.143364,1.018584,661.223346
173.387,39.236692,39.041316,1.130365,1.01753,661.244301
174.418,39.235883,39.042082,1.143364,1.019271,661.254221
175.452,39.237923,39.037328,1.136166,1.019326,661.229204
176.483,39.23543,39.02133,1.141623,1.018351,661.25977
177.514,39.247644,39.030405,1.140769,1.017874,661.110037
178.545,39.245588,39.018935,1.136521,1.016787,661.135231
179.575,39.23604,39.026798,1.134868,1.017031,661.252299
180.608,39.225138,39.034396,1.140458,1.019049,661.385999
181.64,39.220873,39.032934,1.132051,1.014425,661.438322
182.673,39.237974,39.032805,1.130476,1.013183,661.228584
183.707,39.224786,39.027314,1.122657,1.009591,661.39031
184.738,39.222622,39.022592,1.119696,1.005643,661.416858
185.772,39.225654,39.009171,1.116402,1.000731,661.379672
186.806,39.226238,39.018763,1.10439,0.99726,661.372509
187.837,39.205864,39.008906,1.100209,0.991649,661.622493
188.873,39.214741,38.989067,1.092634,0.987913,661.513548
189.907,39.21706,38.995768,1.097125,0.983045,661.485099
190.939,39.20545,38.994797,1.095883,0.979552,661.627582
191.968,39.212307,38.99449,1.08782,0.9778,661.543426
193.0,39.21818,38.98333,1.095018,0.974429,661.471357
194.036,39.221275,38.98348,1.09504,0.974085,661.43339
195.068,39.185935,38.972979,1.083805,0.973309,661.867197
196.103,39.168203,38.961032,1.092379,0.971912,662.085073
197.165,39.202552,38.960491,1.09026,0.973775,661.66315
198.196,39.219667,38.968075,1.111666,0.975915,661.453117
199.227,39.203794,38.993145,1.107141,0.981925,661.647911
200.259,39.213353,38.997306,1.12065,0.9887,661.530581
201.29,39.206848,39.005516,1.119319,0.994743,661.61042
202.324,39.202899,39.005339,1.124066,0.999068,661.658898
203.357,39.21725,39.009553,1.122369,0.999533,661.482773
204.386,39.2066,39.010241,1.118864,1.000764,661.613462
205.419,39.218352,39.006705,1.113607,1.000598,661.469247
206.448,39.21995,39.003581,1.124642,1.001241,661.449643
207.481,39.22351,39.000321,1.123666,1.001053,661.405972
208.511,39.227595,39.013641,1.117633,1.000753,661.355856
209.545,39.228877,39.000412,1.121969,1.001163,661.340134
210.579,39.232361,39.003743,1.115282,1.000432,661.297407
211.612,39.231018,39.00477,1.11354,1.000576,661.313871
212.643,39.245705,39.00822,1.118398,1.000953,661.133805
213.676,39.230427,38.994928,1.122979,1.002206,661.321127
214.709,39.234305,39.008342,1.116113,1.002993,661.273566
215.741,39.235074,38.999248,1.124554,1.001995,661.264141
216.773,39.237963,39.012477,1.116701,1.000587,661.228708
217.804,39.237617,39.012346,1.119729,1.000454,661.232955
218.834,39.24615,39.006007,1.124909,1.002084,661.128351
219.869,39.227896,39.019734,1.118753,1.000676,661.352166
220.898,39.225583,39.013982,1.113119,1.000831,661.380541
221.93,39.228983,39.017966,1.125463,1.001829,661.338832
222.961,39.246193,39.010557,1.122502,1.001019,661.127824
223.993,39.245283,39.025356,1.119574,1.002893,661.138981
225.023,39.237344,39.024512,1.115015,1.002161,661.236303
226.055,39.219957,39.014953,1.121282,1.002439,661.44955
227.089,39.242448,39.023422,1.121049,1.001208,661.173722
228.121,39.245674,39.016114,1.124465,1.001518,661.134177
229.149,39.243306,39.03778,1.123722,1.002317,661.163216
230.186,39.248026,39.020154,1.114805,1.002306,661.105358
231.215,39.245252,39.021939,1.123256,1.002561,661.139353
232.245,39.243419,39.039371,1.124565,1.002128,661.161821
233.279,39.230081,39.032226,1.124432,1.002106,661.325375
234.311,39.238108,39.035211,1.117478,1.001773,661.226941
235.343,39.246137,39.017336,1.122058,1.001019,661.128506
236.379,39.25676,39.02911,1.122513,1.001452,660.998316
237.414,39.25427,39.021509,1.113873,1.001208,661.02883
238.447,39.262448,39.02153,1.119851,1.002915,660.928626
239.478,39.241083,39.0263,1.118387,1.002782,661.190459
240.507,39.23946,39.027026,1.120638,1.001152,661.210358
