1.028,41.427385,41.244531,1.799044,1.678617,635.359419
2.061,41.438671,41.232886,1.805721,1.677973,635.230905
3.093,41.453941,41.223146,1.803802,1.678306,635.057103
4.125,41.441296,41.237438,1.806409,1.680147,635.20102
5.188,41.44567,41.229837,1.7989,1.678994,635.151226
6.218,41.463804,41.227389,1.802482,1.678761,634.944884
7.251,41.448386,41.229003,1.798179,1.677951,635.120317
8.283,41.444412,41.231733,1.795706,1.679204,635.16555
9.311,41.447644,41.233986,1.802294,1.678284,635.128767
10.341,41.465055,41.228857,1.797492,1.677242,634.930655
11.37,41.458252,41.220429,1.802726,1.67835,635.008047
12.403,41.44596,41.245513,1.797924,1.67733,635.147932
13.481,41.453052,41.238715,1.80144,1.677109,635.067213
14.508,41.471719,41.231247,1.801041,1.679016,634.854855
15.539,41.463381,41.234653,1.803237,1.678118,634.949694
16.571,41.427738,41.241197,1.804002,1.679725,635.355405
17.6,41.451477,41.23768,1.802538,1.678439,635.085142
18.632,41.464612,41.240434,1.798157,1.678971,634.935694
19.661,41.453014,41.234548,1.805056,1.680435,635.067643
20.693,41.455579,41.233221,1.799288,1.679226,635.038459
21.735,41.472436,41.24935,1.8053,1.679149,634.846698
22.763,41.452282,41.23495,1.814228,1.682098,635.075977
23.821,41.471062,41.241109,1.820206,1.684815,634.862326
24.85,41.472982,41.235071,1.860067,1.693375,634.840487
25.881,41.443428,41.245928,1.888227,1.714022,635.176752
26.915,41.447712,41.248227,1.916199,1.741123,635.127994
27.948,41.455587,41.255733,1.90137,1.765029,635.038373
28.979,41.460874,41.24754,1.902269,1.7793,634.97821
30.009,41.470076,41.242487,1.873055,1.777537,634.873546
31.041,41.471409,41.247535,1.870426,1.766892,634.858376
32.07,41.454577,41.240754,1.863672,1.754839,635.049857
33.102,41.468241,41.231743,1.860977,1.745558,634.894413
34.185,41.457786,41.235789,1.854156,1.741954,635.013345
35.217,41.443146,41.251657,1.861886,1.737574,635.179961
36.25,41.468279,41.244209,1.851449,1.735623,634.893984
37.28,41.458166,41.235185,1.852714,1.733294,635.009021
38.309,41.473589,41.229922,1.852492,1.732462,634.83359
39.343,41.482012,41.231644,1.84993,1.72826,634.737813
40.376,41.478622,41.255803,1.842011,1.72531,634.776355
41.408,41.480183,41.241789,1.845649,1.723969,634.758614
42.438,41.480555,41.248446,1.84719,1.722294,634.754379
43.468,41.463331,41.235633,1.849764,1.722017,634.950266
44.497,41.456631,41.238244,1.840935,1.722294,635.026489
45.527,41.488646,41.247981,1.841944,1.721607,634.662401
46.586,41.480042,41.240482,1.845815,1.721518,634.760216
47.615,41.476919,41.237856,1.839604,1.721995,634.795728
48.646,41.478773,41.243194,1.844795,1.723004,634.774638
49.678,41.471447,41.25529,1.846214,1.720742,634.857947
50.709,41.469215,41.250234,1.838728,1.722505,634.883335
51.742,41.447535,41.241751,1.839715,1.721962,635.129999
52.776,41.464906,41.241565,1.844717,1.722106,634.932344
53.809,41.473954,41.262357,1.845105,1.723314,634.82944
54.84,41.471394,41.254874,1.846558,1.72286,634.858548
55.869,41.471105,41.249841,1.849775,1.72235,634.861839
56.902,41.481496,41.260346,1.849775,1.721906,634.743678
57.934,41.447236,41.259112,1.846059,1.721574,635.133408
58.965,41.47606,41.243277,1.844196,1.723115,634.805486
59.995,41.492582,41.242154,1.850507,1.722937,634.617665
61.026,41.477965,41.246807,1.848965,1.722682,634.783823
62.057,41.459244,41.237063,1.840469,1.722106,634.996765
63.091,41.46097,41.237546,1.839438,1.722073,634.977122
64.122,41.464695,41.248132,1.84129,1.722372,634.934749
65.152,41.451907,41.235003,1.85105,1.722061,635.080245
66.186,41.454809,41.252233,1.851117,1.722172,635.047223
67.216,41.464936,41.2461,1.851017,1.721951,634.932001
68.249,41.4741,41.242194,1.849198,1.723215,634.82778
69.279,41.468442,41.245629,1.843142,1.722949,634.892123
70.311,41.480525,41.243615,1.842044,1.723603,634.754722
71.34,41.475459,41.255753,1.850418,1.723592,634.812326
72.372,41.476649,41.248947,1.847568,1.722073,634.79879
73.403,41.470836,41.245319,1.845194,1.721285,634.864902
74.435,41.470307,41.250508,1.849708,1.721551,634.870913
75.467,41.43779,41.264107,1.839172,1.720842,635.240935
76.498,41.458403,41.238518,1.844218,1.721762,635.006329
77.53,41.46885,41.25356,1.849065,1.72174,634.887486
78.56,41.485596,41.264079,1.849753,1.723159,634.697072
79.593,41.470476,41.253137,1.846436,1.720953,634.868995
80.624,41.467048,41.253809,1.843431,1.722616,634.907982
81.659,41.439806,41.261413,1.848289,1.722638,635.217982
82.691,41.474893,41.256365,1.849398,1.724146,634.818765
83.722,41.470498,41.267151,1.841645,1.722339,634.868737
84.753,41.47224,41.255894,1.846004,1.723569,634.848931
85.782,41.480444,41.259852,1.8421,1.722793,634.755638
86.812,41.457849,41.257014,1.842277,1.723337,635.012629
87.844,41.477256,41.25324,1.847523,1.723082,634.791893
88.877,41.475753,41.259764,1.847867,1.72144,634.808978
89.909,41.453055,41.248295,1.836166,1.721751,635.067184
90.941,41.455544,41.259009,1.779147,1.710973,635.03886
91.974,41.446657,41.241464,1.744033,1.686556,635.139996
93.004,41.442164,41.228361,1.701388,1.652037,635.191135
94.034,41.447782,41.238901,1.704693,1.61356,635.127192
95.067,41.484894,41.243688,1.733374,1.594932,634.705054
96.096,41.482712,41.256506,1.762233,1.59797,634.729859
97.129,41.45564,41.260308,1.770873,1.614957,635.037772
98.159,41.463834,41.246885,1.779579,1.635072,634.94454
99.192,41.471991,41.244007,1.781099,1.645617,634.851764
100.223,41.460598,41.250458,1.780733,1.650995,634.98136
101.257,41.454983,41.252553,1.780234,1.653058,635.045246
102.29,41.462201,41.24756,1.774833,1.654133,634.963121
103.319,41.457207,41.255662,1.77704,1.654056,635.019931
104.349,41.459447,41.254983,1.781698,1.653778,634.994446
105.379,41.470901,41.257266,1.801906,1.657937,634.864158
106.41,41.468885,41.253024,1.86304,1.676798,634.887085
107.441,41.463122,41.264298,1.898254,1.706915,634.952642
108.474,41.465528,41.25849,1.902879,1.739116,634.925273
109.505,41.483686,41.263805,1.891444,1.765484,634.718786
110.536,41.473065,41.259681,1.889203,1.773335,634.839543
111.565,41.486374,41.262571,1.867864,1.769964,634.688232
112.597,41.46769,41.263349,1.858892,1.757256,634.900682
113.628,41.491004,41.244707,1.850573,1.744826,634.635599
114.66,41.498599,41.260056,1.850041,1.733338,634.549287
115.693,41.489831,41.257923,1.847856,1.725965,634.648928
116.723,41.500587,41.268533,1.839881,1.722183,634.526697
117.754,41.486786,41.241648,1.840647,1.721917,634.683541
118.786,41.488274,41.252769,1.83834,1.720653,634.666634
119.817,41.475836,41.263566,1.837941,1.719988,634.808033
120.849,41.49381,41.240306,1.846503,1.719068,634.603708
121.881,41.493561,41.26349,1.846048,1.719267,634.60654
122.913,41.491545,41.255756,1.837453,1.719012,634.629449
124.007,41.4817,41.263123,1.844617,1.718746,634.74136
125.038,41.472975,41.25353,1.840902,1.718391,634.840573
126.067,41.470987,41.270756,1.839039,1.718846,634.863184
127.097,41.489092,41.264392,1.836665,1.719223,634.657338
128.127,41.467325,41.261992,1.844018,1.718702,634.904833
129.161,41.488191,41.280034,1.84037,1.719079,634.667578
130.192,41.47031,41.267086,1.842954,1.718524,634.870884
131.225,41.483495,41.26209,1.839704,1.718413,634.720961
132.258,41.484627,41.238173,1.84729,1.719932,634.708086
133.292,41.466228,41.260829,1.847457,1.721274,634.917314
134.37,41.483756,41.252397,1.838085,1.720121,634.717985
135.402,41.491862,41.264507,1.84576,1.719079,634.625845
136.432,41.503572,41.262327,1.843797,1.719445,634.492787
137.464,41.488447,41.259751,1.837441,1.718857,634.66466
138.492,41.486187,41.254391,1.842577,1.718957,634.690349
139.524,41.487969,41.25494,1.845128,1.71899,634.670096
140.554,41.498141,41.265716,1.843774,1.719422,634.554491
141.586,41.483223,41.26872,1.840691,1.719223,634.724051
142.617,41.487,41.266086,1.839848,1.720099,634.681109
143.651,41.495126,41.262375,1.838351,1.7195,634.588751
144.682,41.475476,41.257576,1.838484,1.719589,634.812126
145.713,41.492426,41.265535,1.846813,1.72103,634.619438
146.745,41.480749,41.269432,1.837453,1.719411,634.752176
147.775,41.487856,41.262735,1.840059,1.718691,634.671383
148.807,41.489892,41.267733,1.838872,1.719056,634.648241
149.839,41.492056,41.261287,1.848178,1.719855,634.623643
150.873,41.46579,41.269576,1.849098,1.720099,634.922296
151.905,41.482105,41.259636,1.847113,1.721518,634.736754
152.933,41.482941,41.274329,1.841135,1.71991,634.727255
153.962,41.481788,41.258709,1.843464,1.719977,634.740359
154.994,41.492184,41.267234,1.839604,1.720387,634.622184
156.027,41.494434,41.27555,1.846625,1.7196,634.596615
157.06,41.466104,41.252837,1.844495,1.719567,634.918717
158.09,41.480145,41.273848,1.84993,1.720476,634.759043
159.123,41.493632,41.270414,1.839405,1.721019,634.605739
160.16,41.483371,41.262332,1.843408,1.721452,634.722363
161.191,41.483646,41.257994,1.842843,1.722006,634.719244
162.224,41.482292,41.277086,1.844906,1.721629,634.734637
163.256,41.494019,41.269797,1.844784,1.720808,634.601334
164.289,41.479322,41.259399,1.842588,1.72062,634.7684
165.318,41.484036,41.252278,1.847213,1.720054,634.714809
166.349,41.495605,41.25961,1.847368,1.719467,634.583317
167.38,41.476478,41.267587,1.847068,1.7197,634.800736
168.412,41.499795,41.257876,1.847324,1.71981,634.535704
169.442,41.496105,41.276474,1.846969,1.718679,634.577626
170.473,41.482727,41.269659,1.845116,1.717382,634.729687
171.505,41.505188,41.243468,1.837941,1.718957,634.474433
172.534,41.488679,41.268236,1.84658,1.7194,634.662029
173.565,41.483094,41.266423,1.845616,1.719167,634.72551
174.595,41.50752,41.281472,1.840469,1.718968,634.447932
175.624,41.489318,41.275105,1.841368,1.720066,634.654763
176.655,41.501866,41.265537,1.846059,1.71889,634.512172
177.688,41.494248,41.267121,1.842865,1.719023,634.598732
178.72,41.502666,41.289443,1.836587,1.718968,634.50308
179.75,41.520239,41.279835,1.836155,1.718602,634.303488
180.782,41.52117,41.285674,1.83824,1.718591,634.292916
181.812,41.487735,41.27442,1.848322,1.7194,634.672756
182.842,41.485626,41.283144,1.848699,1.719544,634.696729
183.872,41.491535,41.277776,1.842699,1.719633,634.629564
184.903,41.47681,41.270683,1.845505,1.718801,634.796958
185.934,41.510928,41.275173,1.842333,1.718424,634.409228
186.965,41.488576,41.28407,1.846625,1.716972,634.663202
187.996,41.5112,41.272602,1.845261,1.717216,634.406141
189.028,41.512528,41.280233,1.84708,1.717171,634.39105
190.061,41.509946,41.288207,1.842211,1.718469,634.420376
191.096,41.501043,41.275359,1.83519,1.718302,634.521522
192.13,41.495152,41.277569,1.84708,1.71858,634.588465
193.163,41.501783,41.294536,1.843431,1.718214,634.513116
194.2,41.518646,41.282026,1.843619,1.71777,634.321576
195.229,41.492139,41.277076,1.84007,1.716096,634.622699
196.267,41.48167,41.275845,1.836199,1.714843,634.741704
197.299,41.512251,41.293149,1.844484,1.715364,634.394194
198.33,41.497208,41.280503,1.845261,1.715752,634.5651
199.363,41.498549,41.289113,1.836155,1.715342,634.549859
200.395,41.52188,41.280986,1.84271,1.715331,634.284858
201.442,41.493715,41.282899,1.838417,1.714721,634.604795
202.475,41.490503,41.284735,1.839138,1.714976,634.641291
203.506,41.490254,41.288549,1.845682,1.716318,634.644122
204.54,41.518183,41.293073,1.836421,1.714876,634.326834
205.572,41.512365,41.28443,1.844251,1.71644,634.392908
206.603,41.511497,41.284083,1.833072,1.714277,634.402769
207.636,41.515926,41.289898,1.840625,1.714344,634.352467
208.666,41.517677,41.293964,1.830731,1.713113,634.332577
209.698,41.507289,41.294007,1.843054,1.714543,634.450562
