1.028,23.17999,23.168281,1.1724,1.048334,929.263269
2.057,23.183331,23.180413,1.171602,1.047602,929.189283
3.09,23.176429,23.171371,1.176083,1.048179,929.342128
4.133,23.180168,23.167698,1.175772,1.047125,929.259332
5.178,23.184243,23.17348,1.166356,1.046205,929.16908
6.25,23.186402,23.173742,1.175816,1.047713,929.121268
7.28,23.188536,23.179025,1.167254,1.04656,929.074039
8.312,23.175331,23.180437,1.174874,1.048012,929.366448
9.346,23.182345,23.174707,1.174352,1.048101,929.211107
10.422,23.193275,23.179872,1.16772,1.047148,928.969118
11.452,23.175977,23.17708,1.167409,1.047691,929.352145
12.484,23.174704,23.176834,1.171735,1.048445,929.380346
13.515,23.178813,23.177632,1.171502,1.048401,929.289322
14.55,23.179383,23.179807,1.173787,1.047469,929.276701
15.581,23.173598,23.178871,1.174896,1.048035,929.404841
16.613,23.17044,23.182361,1.171624,1.048223,929.474801
17.642,23.167923,23.175825,1.176859,1.049299,929.530577
18.675,23.184515,23.176814,1.175861,1.048168,929.16306
19.704,23.182531,23.180084,1.169439,1.046892,929.206997
20.734,23.175007,23.175399,1.175694,1.048389,929.373628
21.767,23.165481,23.188669,1.170038,1.047658,929.58468
22.797,23.172547,23.171397,1.168995,1.046715,929.428121
23.828,23.191367,23.17554,1.166234,1.047358,929.011362
24.858,23.180186,23.17261,1.168607,1.046582,929.258926
25.892,23.186962,23.158914,1.169129,1.046405,929.108881
26.925,23.196833,23.171883,1.172999,1.048312,928.890367
27.955,23.182353,23.168526,1.170204,1.048401,929.210933
28.99,23.190642,23.173263,1.177092,1.049543,929.027392
30.023,23.185843,23.179707,1.174607,1.048844,929.133655
31.09,23.178531,23.169222,1.182981,1.050385,929.295575
32.118,23.185976,23.175057,1.206006,1.056174,929.130703
33.148,23.18446,23.170647,1.220192,1.069768,929.164275
34.179,23.180745,23.170364,1.20452,1.080302,929.246537
35.209,23.192389,23.182635,1.197144,1.085869,928.988735
36.244,23.178735,23.180487,1.181839,1.07957,929.291059
37.273,23.182055,23.191772,1.177436,1.070522,929.217533
38.301,23.184068,23.1812,1.164736,1.058081,929.172958
39.334,23.185934,23.192295,1.172234,1.051217,929.131629
40.366,23.182884,23.175289,1.172722,1.047369,929.199182
41.397,23.181454,23.182716,1.171657,1.046804,929.230848
42.429,23.192888,23.185751,1.175894,1.047569,928.977682
43.46,23.200296,23.177875,1.169184,1.048234,928.813711
44.49,23.191288,23.183522,1.169594,1.048323,929.013098
45.52,23.186925,23.186039,1.170049,1.048667,929.109692
46.55,23.211249,23.189351,1.176116,1.050496,928.571368
47.584,23.199329,23.197758,1.175029,1.050186,928.835116
48.613,23.196213,23.183354,1.172899,1.050729,928.90408
49.648,23.203506,23.208149,1.170936,1.050474,928.742675
50.679,23.210159,23.186755,1.17636,1.050496,928.595482
51.712,23.206507,23.193996,1.179687,1.051794,928.676274
52.743,23.204163,23.194258,1.177669,1.051616,928.728156
53.776,23.200051,23.178288,1.177602,1.05074,928.819148
54.807,23.214417,23.19111,1.167642,1.050441,928.501288
55.837,23.196592,23.196608,1.170404,1.049487,928.89569
56.871,23.211006,23.187926,1.167698,1.049221,928.576746
57.902,23.202508,23.205517,1.168197,1.049631,928.764771
58.935,23.206021,23.198051,1.167931,1.049166,928.687032
59.967,23.204074,23.202335,1.175095,1.050663,928.730123
61.0,23.209971,23.200461,1.168263,1.049343,928.599646
62.031,23.201321,23.209479,1.177203,1.050053,928.791034
63.064,23.200871,23.205689,1.172988,1.050086,928.800984
64.095,23.200309,23.192438,1.173853,1.049277,928.813421
65.126,23.203086,23.201752,1.172478,1.048888,928.751987
66.158,23.201951,23.194104,1.172312,1.050019,928.777092
67.189,23.211924,23.215886,1.174397,1.04931,928.556449
68.225,23.212094,23.205681,1.1726,1.049155,928.552691
69.257,23.212026,23.204186,1.172245,1.048035,928.554194
70.287,23.202367,23.200861,1.17789,1.049432,928.767895
71.318,23.208144,23.21161,1.174707,1.048678,928.64007
72.349,23.198809,23.202249,1.175051,1.049299,928.846628
73.381,23.209704,23.204461,1.172145,1.0488,928.605545
74.412,23.208855,23.202631,1.177513,1.050652,928.624339
75.444,23.212091,23.218825,1.176415,1.05043,928.552749
76.473,23.214663,23.205974,1.172899,1.050518,928.495853
77.505,23.211215,23.204774,1.172378,1.048423,928.57212
78.535,23.212261,23.217617,1.168951,1.048778,928.54899
79.565,23.208303,23.199308,1.172378,1.048279,928.636542
80.596,23.214637,23.211001,1.170992,1.048267,928.496431
81.626,23.213053,23.200824,1.176537,1.049421,928.53147
82.658,23.220477,23.205736,1.169605,1.049731,928.367279
83.689,23.222892,23.20817,1.170105,1.048644,928.313869
84.721,23.214642,23.203436,1.177857,1.050496,928.496315
85.751,23.22003,23.206384,1.172212,1.048933,928.377164
86.784,23.220798,23.210522,1.168951,1.048168,928.360169
87.816,23.212872,23.207278,1.176116,1.050674,928.53546
88.85,23.223255,23.212044,1.171103,1.049687,928.305835
89.88,23.221708,23.212784,1.173044,1.049155,928.340053
90.911,23.21975,23.203083,1.169151,1.048378,928.383349
91.945,23.211803,23.208763,1.173654,1.049709,928.559109
92.975,23.215541,23.215962,1.187728,1.052659,928.476426
94.007,23.217031,23.208983,1.202934,1.059179,928.443472
95.037,23.215249,23.214658,1.220591,1.071032,928.482901
96.069,23.211328,23.211322,1.22068,1.083629,928.569634
97.099,23.219486,23.20731,1.206616,1.090404,928.389188
98.129,23.215965,23.222717,1.206017,1.091302,928.46706
99.16,23.210988,23.210781,1.203355,1.086545,928.577151
100.188,23.216352,23.211471,1.194361,1.078717,928.458503
101.221,23.206173,23.204317,1.19842,1.074714,928.683677
102.254,23.203755,23.215732,1.185421,1.07284,928.737179
103.285,23.215575,23.207715,1.181417,1.069003,928.475674
104.319,23.19992,23.208928,1.176127,1.065155,928.822041
105.353,23.218404,23.20176,1.176593,1.05909,928.41312
106.384,23.221838,23.209401,1.175805,1.055519,928.337163
107.413,23.214595,23.216407,1.184734,1.05573,928.497356
108.445,23.211495,23.220782,1.187373,1.056373,928.565933
109.477,23.221433,23.204876,1.195026,1.06062,928.346122
110.51,23.223242,23.209926,1.197666,1.065621,928.306124
111.541,23.221972,23.216731,1.188826,1.067329,928.334215
112.572,23.238042,23.201034,1.184423,1.06734,927.978958
113.602,23.222356,23.206761,1.182438,1.063814,928.325718
114.635,23.226039,23.218634,1.172722,1.059156,928.244282
115.667,23.223368,23.207326,1.166356,1.052902,928.30335
116.696,23.220545,23.21448,1.155542,1.045939,928.365776
117.727,23.22852,23.215476,1.1605,1.039552,928.189439
118.759,23.240248,23.207746,1.153568,1.036625,927.930205
119.792,23.224314,23.218689,1.154932,1.035992,928.282427
120.822,23.219355,23.208421,1.161753,1.035571,928.392078
121.857,23.219345,23.214156,1.167509,1.036503,928.392309
122.887,23.229173,23.224084,1.161365,1.036724,928.174992
123.921,23.221253,23.224081,1.164104,1.038754,928.350111
124.953,23.219449,23.213683,1.165568,1.038776,928.389997
125.985,23.228802,23.221151,1.168796,1.039995,928.183198
127.014,23.21889,23.209391,1.171424,1.041958,928.402368
128.046,23.21831,23.224583,1.173554,1.046693,928.415202
129.077,23.220372,23.22125,1.173975,1.048866,928.369591
130.109,23.216454,23.218453,1.181794,1.05349,928.456248
131.141,23.22416,23.221099,1.171668,1.053557,928.285837
132.173,23.219617,23.219272,1.180497,1.054355,928.386297
133.204,23.228857,23.219494,1.17616,1.05145,928.181985
134.234,23.232422,23.225004,1.173254,1.051594,928.103169
135.263,23.207699,23.217614,1.177003,1.053457,928.649901
136.297,23.229231,23.213939,1.176737,1.052093,928.173721
137.329,23.229665,23.22175,1.175794,1.052326,928.164129
138.36,23.230611,23.218315,1.181362,1.052725,928.143211
139.392,23.217319,23.210052,1.171613,1.052581,928.437112
140.421,23.227861,23.225704,1.174607,1.051328,928.204002
141.452,23.233737,23.225336,1.180996,1.052792,928.074107
142.483,23.232569,23.212935,1.175107,1.052049,928.099933
143.515,23.234722,23.21287,1.172744,1.053501,928.052326
144.546,23.235896,23.222301,1.173842,1.051971,928.026386
145.578,23.224774,23.230932,1.18205,1.053036,928.272255
146.608,23.224118,23.228216,1.17646,1.051816,928.286762
147.639,23.235078,23.225759,1.179976,1.053934,928.044469
148.673,23.239059,23.231797,1.180053,1.053268,927.956487
149.703,23.244394,23.234916,1.17189,1.05298,927.838603
150.738,23.236233,23.216263,1.172156,1.052792,928.018934
151.77,23.225166,23.227965,1.18216,1.053767,928.263585
152.802,23.238429,23.22102,1.175961,1.052104,927.970408
153.838,23.251702,23.228073,1.181051,1.052969,927.677151
154.871,23.236999,23.231288,1.177768,1.053368,928.002007
155.901,23.23146,23.225281,1.177025,1.053191,928.124432
156.933,23.245261,23.233598,1.181395,1.053956,927.81943
157.964,23.238612,23.226287,1.178512,1.052725,927.966365
158.996,23.242608,23.228744,1.178157,1.05349,927.878049
160.028,23.248084,23.250298,1.178179,1.052326,927.757063
161.058,23.243968,23.233183,1.174064,1.052226,927.848017
162.088,23.251853,23.236231,1.182349,1.054,927.673802
163.12,23.230917,23.242781,1.177303,1.053002,928.13645
164.152,23.23777,23.232263,1.180708,1.053989,927.984966
165.185,23.243495,23.225213,1.181306,1.05369,927.85847
166.216,23.24885,23.231554,1.176171,1.053346,927.740144
167.249,23.249789,23.226985,1.182238,1.053013,927.719415
168.281,23.234822,23.224675,1.180641,1.053723,928.05013
169.312,23.249514,23.245761,1.179743,1.053812,927.725478
170.345,23.243581,23.236097,1.173354,1.053091,927.856564
171.376,23.233687,23.235893,1.172001,1.052925,928.075205
172.408,23.251122,23.237051,1.178711,1.053424,927.689968
173.44,23.25614,23.227898,1.169938,1.051461,927.579123
174.472,23.249658,23.226653,1.170581,1.051749,927.722302
175.505,23.255126,23.244025,1.177524,1.05186,927.601522
176.535,23.240068,23.234479,1.176926,1.052104,927.934191
177.567,23.26241,23.237736,1.174619,1.050408,927.440656
178.6,23.261023,23.240517,1.174086,1.050197,927.471301
179.631,23.251997,23.234004,1.170138,1.050574,927.670627
180.665,23.250351,23.241207,1.171081,1.050807,927.707001
181.699,23.24189,23.245387,1.175406,1.05043,927.893932
182.731,23.244242,23.231377,1.17829,1.049997,927.841953
183.76,23.249268,23.25264,1.174552,1.050208,927.730905
184.793,23.246095,23.242433,1.177236,1.050596,927.801007
185.825,23.249998,23.253586,1.173643,1.051051,927.714796
186.859,23.249122,23.245447,1.170803,1.050308,927.734139
187.893,23.248001,23.255847,1.172589,1.049232,927.75891
188.923,23.255442,23.255442,1.17433,1.04962,927.594537
189.955,23.258127,23.242496,1.177214,1.050585,927.535253
190.985,23.259219,23.252635,1.174319,1.051527,927.511126
