1.032,39.059202,38.903295,1.112731,0.991494,663.427295
2.06,39.058461,38.9084,1.098656,0.9887,663.436437
3.092,39.040583,38.891032,1.097137,0.986649,663.657084
4.123,39.058858,38.912969,1.093188,0.982535,663.431538
5.153,39.033921,38.903404,1.103148,0.980628,663.739338
6.183,39.03946,38.898238,1.094519,0.978532,663.670948
7.214,39.056107,38.923018,1.104423,0.979219,663.465488
8.246,39.071051,38.901802,1.103924,0.979951,663.281144
9.277,39.058464,38.897165,1.099344,0.980772,663.436406
10.311,39.055424,38.906242,1.104468,0.980971,663.473914
11.34,39.054372,38.903376,1.105654,0.982069,663.486896
12.373,39.050077,38.905908,1.098578,0.980949,663.539891
13.404,39.062179,38.904896,1.103769,0.981559,663.390571
14.436,39.073168,38.908195,1.102227,0.981315,663.25504
15.464,39.085664,38.919851,1.103592,0.98208,663.100984
16.495,39.05073,38.901967,1.107618,0.982856,663.531838
17.525,39.059003,38.904345,1.09961,0.981315,663.42976
18.557,39.06721,38.907525,1.105677,0.981903,663.328523
19.589,39.064172,38.899128,1.097458,0.981515,663.365988
20.62,39.05402,38.90308,1.106531,0.98208,663.491234
21.651,39.046476,38.904909,1.106819,0.981503,663.584341
22.682,39.080259,38.889866,1.107096,0.982136,663.167605
23.716,39.075396,38.908264,1.096726,0.981448,663.227566
24.745,39.042189,38.914566,1.09656,0.981038,663.637258
25.837,39.061823,38.911062,1.100752,0.980982,663.394971
26.868,39.056838,38.914429,1.104734,0.982202,663.45647
27.898,38.999914,38.902713,1.097735,0.982313,664.159505
28.927,39.025544,38.913445,1.096005,0.982446,663.842792
29.958,39.055257,38.917617,1.095983,0.982446,663.475974
30.99,39.076299,38.907773,1.107496,0.981592,663.216433
32.023,39.068871,38.908666,1.09666,0.981659,663.308029
33.055,39.053436,38.913809,1.104346,0.981393,663.498443
34.085,39.066205,38.900269,1.107784,0.982745,663.340907
35.12,39.064627,38.910571,1.095673,0.982202,663.360372
36.151,39.068413,38.891316,1.100209,0.981138,663.313675
37.182,39.075196,38.904631,1.102505,0.981271,663.230029
38.215,39.06488,38.897008,1.099654,0.980051,663.357253
39.244,39.064438,38.89274,1.098135,0.98096,663.362712
40.272,39.053337,38.914712,1.104057,0.980993,663.49966
41.306,39.059276,38.912754,1.102427,0.982623,663.42639
42.335,39.066056,38.899348,1.106242,0.981792,663.342747
43.367,39.053785,38.903085,1.097902,0.981592,663.494136
44.397,39.059845,38.900585,1.106386,0.981304,663.419369
45.429,39.091728,38.90753,1.09717,0.982635,663.026242
46.462,39.077432,38.898529,1.106298,0.981825,663.202464
47.49,39.084867,38.909342,1.096316,0.981237,663.110803
48.521,39.080606,38.906326,1.107374,0.982535,663.163334
49.552,39.057649,38.907844,1.101007,0.980361,663.446453
50.584,39.091465,38.92108,1.09778,0.981348,663.029483
51.618,39.078047,38.912995,1.100619,0.982069,663.194887
52.649,39.090231,38.9211,1.108072,0.983244,663.044692
53.682,39.10517,38.921487,1.108017,0.985972,662.860641
54.712,39.081433,38.921614,1.10896,0.987979,663.153139
55.743,39.088914,38.924867,1.106076,0.989642,663.06093
56.774,39.077723,38.929421,1.109559,0.990286,663.198878
57.805,39.064028,38.916521,1.101784,0.987879,663.367766
58.835,39.090542,38.910956,1.102893,0.986161,663.040859
59.868,39.073418,38.919125,1.107229,0.984963,663.251952
60.902,39.092806,38.910778,1.097625,0.983267,663.012966
61.932,39.101912,38.919795,1.105233,0.982923,662.900764
62.963,39.107562,38.934809,1.099987,0.984331,662.831175
63.994,39.102158,38.931602,1.098678,0.983278,662.897742
65.026,39.09408,38.92827,1.104013,0.983754,662.99726
66.055,39.081218,38.939803,1.104401,0.984431,663.155789
67.087,39.103134,38.950767,1.104179,0.9834,662.885717
68.118,39.086984,38.938976,1.099044,0.983122,663.084713
69.149,39.064311,38.941073,1.099033,0.982224,663.364272
70.183,39.083706,38.948801,1.097292,0.982357,663.125112
71.215,39.079197,38.932659,1.106997,0.982191,663.1807
72.247,39.081147,38.94888,1.105832,0.982878,663.156662
73.277,39.104461,38.940415,1.105976,0.98198,662.869363
74.31,39.104375,38.945265,1.097436,0.981969,662.870422
75.34,39.103488,38.935341,1.102948,0.982457,662.881356
76.373,39.095416,38.938255,1.101407,0.983233,662.980807
77.403,39.077829,38.936289,1.09788,0.982235,663.197568
78.435,39.093653,38.947541,1.104002,0.983799,663.002526
79.466,39.10525,38.932459,1.097125,0.982679,662.859644
80.497,39.107309,38.939262,1.103115,0.981315,662.834289
81.527,39.096609,38.954103,1.099144,0.982136,662.966099
82.558,39.116855,38.951693,1.108427,0.982989,662.71673
83.591,39.096523,38.94675,1.103192,0.983854,662.967158
84.62,39.078504,38.938999,1.106087,0.983411,663.189243
85.653,39.083416,38.9466,1.103336,0.983444,663.128697
86.684,39.107317,38.93635,1.098212,0.982546,662.834196
87.717,39.093529,38.941885,1.099554,0.983023,663.004053
88.749,39.087973,38.95681,1.108083,0.983477,663.072525
89.782,39.109681,38.955849,1.104312,0.983577,662.805075
90.813,39.110007,38.949338,1.107063,0.984043,662.801057
91.841,39.124614,38.970113,1.108228,0.983389,662.621217
92.873,39.10958,38.941058,1.100286,0.982867,662.806321
93.903,39.111949,38.95683,1.102449,0.982557,662.777139
94.934,39.122138,38.960792,1.108549,0.983511,662.651692
95.967,39.118924,38.955229,1.104057,0.982324,662.691261
96.998,39.114542,38.945212,1.108616,0.983511,662.74522
98.028,39.12384,38.948794,1.102238,0.984165,662.630742
99.059,39.117343,38.966446,1.109847,0.985041,662.71072
100.093,39.122664,38.970936,1.116812,0.987369,662.645217
101.124,39.128493,38.97306,1.108937,0.990042,662.573471
102.158,39.115991,38.959456,1.109204,0.992426,662.727378
103.188,39.11899,38.956962,1.118675,0.993058,662.690452
104.22,39.125511,38.976491,1.11516,0.993302,662.610167
105.251,39.130678,38.97816,1.108294,0.993291,662.546582
106.282,39.128799,38.968517,1.118919,0.993268,662.569706
107.312,39.128366,38.972747,1.113318,0.992725,662.575028
108.342,39.136582,38.975987,1.118886,0.993457,662.473924
109.374,39.127959,38.972962,1.119141,0.994322,662.580038
110.406,39.131472,38.978982,1.118853,0.993224,662.536811
111.439,39.132349,38.967083,1.118686,0.995453,662.526012
112.47,39.155454,38.967915,1.111987,0.994865,662.241803
113.502,39.152379,38.980227,1.112531,0.993535,662.279613
114.531,39.133348,38.97063,1.110268,0.994433,662.513721
115.564,39.138352,38.986219,1.11618,0.995819,662.452145
116.625,39.123964,38.974287,1.117566,0.9943,662.629217
117.658,39.14647,38.992378,1.11801,0.994277,662.352292
118.69,39.143976,38.984527,1.110579,0.99512,662.38296
119.721,39.138036,38.993337,1.112409,0.993889,662.456034
120.755,39.143243,38.992151,1.11455,0.994765,662.391981
121.785,39.136873,38.988695,1.113141,0.994222,662.470346
122.82,39.156455,38.989151,1.118509,0.995187,662.229491
123.855,39.158989,38.995985,1.117677,0.995608,662.198339
124.89,39.154855,39.003655,1.119163,0.996495,662.249172
125.923,39.132033,38.990795,1.112853,0.997371,662.529902
126.954,39.149051,38.988202,1.12299,0.997648,662.320538
127.987,39.150207,38.997685,1.117633,0.995863,662.306325
129.017,39.145961,39.00738,1.120838,0.996606,662.358543
130.047,39.132784,38.98778,1.116402,0.995974,662.52066
131.078,39.145708,38.992361,1.123245,0.997615,662.361654
132.109,39.129851,39.0149,1.114716,0.995985,662.556759
133.14,39.141291,38.992277,1.112941,0.996528,662.415995
134.174,39.130162,39.007117,1.114627,0.996096,662.552931
135.223,39.159538,38.999051,1.115082,0.996429,662.191593
136.254,39.151304,38.987896,1.119041,0.996972,662.292829
137.289,39.153694,38.994106,1.114195,0.99614,662.263444
138.32,39.157393,39.014829,1.110324,0.995353,662.217956
139.352,39.151213,38.99229,1.109481,0.994344,662.293949
140.383,39.163222,39.002134,1.117466,0.992803,662.146302
141.42,39.15889,39.003728,1.118442,0.99328,662.199552
142.452,39.16463,38.999112,1.111677,0.991361,662.128989
143.485,39.17257,38.988265,1.117855,0.991616,662.031407
144.516,39.158473,38.989796,1.11588,0.992126,662.204681
145.548,39.144088,38.988612,1.119019,0.992548,662.381591
146.581,39.168501,38.995899,1.111133,0.991672,662.081406
147.612,39.137445,38.994478,1.109259,0.991738,662.463314
148.645,39.150121,39.015968,1.106242,0.99145,662.307383
149.681,39.173705,38.999552,1.104179,0.991339,662.017455
150.712,39.164453,38.986009,1.113995,0.99023,662.131165
151.745,39.142469,39.010001,1.110745,0.9889,662.401499
152.778,39.134678,38.998527,1.112342,0.987436,662.497353
153.81,39.16371,38.992581,1.102848,0.986493,662.140303
154.843,39.137134,38.995674,1.110091,0.986593,662.467141
155.874,39.134226,39.008901,1.1049,0.985251,662.502923
156.906,39.163593,39.009219,1.104789,0.985606,662.141733
157.941,39.139564,39.000073,1.10256,0.984608,662.437243
158.972,39.145746,39.016079,1.106919,0.985251,662.361187
160.005,39.16061,39.005225,1.110169,0.985063,662.178412
161.037,39.170276,39.026517,1.108605,0.983932,662.059591
162.069,39.152571,39.009146,1.106076,0.984764,662.27725
163.102,39.154602,39.010398,1.100752,0.985396,662.252281
164.135,39.135561,39.011354,1.109392,0.985152,662.486494
165.166,39.131697,38.990519,1.101928,0.98524,662.534041
166.197,39.149772,39.00709,1.110379,0.98503,662.311674
167.229,39.150483,39.004363,1.101307,0.984752,662.302936
168.262,39.131237,39.007975,1.104878,0.984131,662.539705
169.291,39.14849,38.99641,1.107185,0.984941,662.327442
170.321,39.150925,39.002916,1.102671,0.983832,662.297494
171.356,39.120765,39.024064,1.111311,0.98503,662.668596
172.386,39.155171,38.997882,1.109148,0.985263,662.245285
173.416,39.139938,39.012282,1.110279,0.984531,662.432639
174.448,39.130202,39.000791,1.103702,0.984952,662.552433
175.478,39.152574,39.000516,1.106808,0.984276,662.277219
176.51,39.15956,39.014622,1.100586,0.985152,662.191313
177.542,39.171551,39.00932,1.100641,0.985296,662.043929
178.575,39.167207,39.00306,1.10876,0.984553,662.097318
179.606,39.167164,39.000194,1.111233,0.985407,662.097846
180.636,39.174676,39.016893,1.110324,0.985274,662.005524
181.669,39.155661,39.008673,1.104113,0.985828,662.239254
182.7,39.141114,39.008283,1.10693,0.984586,662.418173
183.731,39.173761,39.017844,1.104678,0.98422,662.016772
184.762,39.178256,38.993147,1.106242,0.984686,661.961532
185.796,39.170858,39.014379,1.108649,0.98473,662.052443
186.827,39.152015,39.009389,1.106508,0.986671,662.284091
187.861,39.163121,39.012728,1.099754,0.984242,662.147545
188.892,39.156331,39.007168,1.110923,0.986127,662.231014
189.925,39.1668,39.000953,1.100652,0.985506,662.102322
190.956,39.185387,39.003022,1.10327,0.984653,661.873937
191.988,39.179055,39.007517,1.111111,0.984797,661.951715
193.02,39.174403,39.008807,1.103847,0.984708,662.00888
194.051,39.175382,39.002951,1.100619,0.98564,661.996856
195.086,39.173113,39.008018,1.106032,0.984375,662.024726
196.116,39.162625,39.002673,1.101972,0.984741,662.153637
197.148,39.174643,39.00348,1.108017,0.985473,662.005928
198.179,39.186426,39.003822,1.100309,0.985052,661.861172
199.211,39.17041,39.00673,1.101052,0.985384,662.057944
200.242,39.183645,39.026224,1.108804,0.985495,661.895336
201.275,39.185652,39.028819,1.111289,0.985396,661.870676
202.305,39.183872,39.028106,1.104368,0.985351,661.892541
203.335,39.183584,39.020847,1.102693,0.985141,661.896082
204.368,39.177645,39.01853,1.106575,0.985229,661.96905
205.397,39.18919,39.0205,1.10795,0.985484,661.827229
206.427,39.178648,39.016021,1.108449,0.984409,661.956716
207.459,39.167432,39.018553,1.110379,0.984974,662.094552
208.491,39.187096,39.031614,1.105532,0.984364,661.852942
209.523,39.181672,39.002787,1.11018,0.985518,661.919564
210.555,39.183885,39.004993,1.110767,0.984664,661.892386
211.585,39.179715,39.025971,1.107607,0.983843,661.943607
212.617,39.164165,39.005493,1.109148,0.985207,662.134708
213.65,39.180489,39.020356,1.107429,0.983998,661.934101
214.679,39.169826,39.011139,1.103126,0.984586,662.065122
215.711,39.187571,39.027031,1.107385,0.984608,661.847104
216.743,39.145076,39.034649,1.100031,0.98473,662.369429
217.777,39.190297,39.031467,1.106364,0.984808,661.813628
218.806,39.20102,39.017354,1.101562,0.985329,661.68196
219.84,39.201622,39.018062,1.104312,0.98442,661.674573
220.874,39.172408,39.017698,1.101983,0.984009,662.033395
221.906,39.160256,39.022369,1.110978,0.984165,662.182764
222.938,39.188378,39.023788,1.109925,0.985495,661.837197
223.969,39.164256,39.023672,1.108949,0.984808,662.133589
225.003,39.187056,39.029209,1.110457,0.984952,661.853439
226.034,39.179776,39.020887,1.111267,0.985617,661.942861
227.067,39.193147,39.010987,1.109614,0.985152,661.778633
228.101,39.185468,39.02438,1.111633,0.984375,661.872943
229.134,39.185404,39.01401,1.110124,0.984797,661.873719
230.168,39.171847,39.032732,1.10469,0.98412,662.040294
231.198,39.193935,39.032747,1.102261,0.984675,661.768946
232.231,39.209149,39.03145,1.111222,0.985595,661.582181
233.261,39.197313,39.017695,1.10012,0.984741,661.727468
234.295,39.217705,39.014612,1.099089,0.984952,661.477189
235.326,39.204474,39.041903,1.104856,0.984453,661.639562
236.358,39.21152,39.021785,1.106908,0.98554,661.553075
237.388,39.207096,39.030354,1.1113,0.985384,661.607379
238.42,39.205419,39.019122,1.106009,0.984265,661.627955
239.453,39.216362,39.032158,1.100575,0.984087,661.493661
240.484,39.199265,39.014991,1.105089,0.983522,661.703503
241.515,39.205796,39.041083,1.111156,0.984786,661.623331
