1.026,30.758107,30.624195,2.056556,1.94402,782.87598
2.053,30.741642,30.625945,2.053107,1.945451,783.151278
3.085,30.74949,30.627711,2.053928,1.945917,783.020038
4.116,30.74623,30.63415,2.053129,1.945617,783.074551
5.147,30.746199,30.628061,2.053262,1.944786,783.075068
6.18,30.752194,30.647018,2.055902,1.944719,782.974824
7.212,30.761511,30.655119,2.052497,1.944708,782.819084
8.242,30.755758,30.651905,2.05944,1.944464,782.915248
9.274,30.754806,30.646094,2.057443,1.944664,782.931163
10.305,30.749716,30.642447,2.051987,1.944907,783.016252
11.337,30.767099,30.644256,2.051066,1.944087,782.725693
12.368,30.775322,30.636175,2.055746,1.942889,782.588311
13.399,30.772003,30.655472,2.059939,1.94473,782.643757
14.428,30.760427,30.646964,2.059662,1.944464,782.837188
15.462,30.766304,30.649012,2.052918,1.943965,782.738978
16.491,30.763847,30.651467,2.04989,1.94422,782.780039
17.523,30.764783,30.651596,2.061181,1.945739,782.764388
18.555,30.763088,30.647468,2.057499,1.944619,782.792724
19.587,30.768529,30.656879,2.057643,1.944109,782.70179
20.62,30.763078,30.664888,2.058985,1.945639,782.792896
21.649,30.763023,30.657291,2.056634,1.944963,782.793799
22.682,30.77419,30.663434,2.050534,1.944941,782.607222
23.713,30.771761,30.653238,2.060283,1.944874,782.647797
24.743,30.788803,30.664365,2.051831,1.944952,782.363162
25.774,30.775566,30.666229,2.057488,1.945118,782.584228
26.805,30.775775,30.676592,2.059018,1.944165,782.580746
27.837,30.783287,30.667415,2.05375,1.943521,782.455269
28.867,30.793182,30.665464,2.062235,1.945207,782.290057
29.919,30.791008,30.674999,2.053029,1.944808,782.32635
30.948,30.798732,30.679374,2.059972,1.94616,782.197428
31.978,30.795917,30.667376,2.062556,1.947003,782.244405
33.011,30.812158,30.691975,2.062667,1.947114,781.973388
34.042,30.804546,30.667389,2.04948,1.946039,782.100397
35.073,30.799995,30.679541,2.049458,1.945052,782.176345
36.106,30.795848,30.691226,2.053506,1.94544,782.245565
37.135,30.794718,30.687549,2.057488,1.943799,782.264418
38.167,30.799573,30.690367,2.058331,1.943765,782.183387
39.199,30.808022,30.686023,2.060194,1.943433,782.042403
40.231,30.804646,30.699062,2.057699,1.945429,782.098722
41.261,30.816763,30.693365,2.067581,1.948079,781.896575
42.293,30.798819,30.694759,2.073792,1.952525,782.195968
43.326,30.796519,30.693154,2.07967,1.956772,782.234357
44.359,30.820326,30.696321,2.085127,1.960265,781.837151
45.39,30.818353,30.70936,2.088199,1.964379,781.870059
46.422,30.818042,30.702834,2.083341,1.968415,781.87525
47.453,30.81868,30.713824,2.077984,1.970389,781.86461
48.486,30.825773,30.7148,2.07825,1.970289,781.746337
49.517,30.828824,30.716928,2.075622,1.965998,781.695469
50.548,30.820481,30.717139,2.070509,1.96368,781.834577
51.581,30.834185,30.72053,2.069144,1.963181,781.6061
52.611,30.825963,30.726585,2.074635,1.961518,781.743163
53.644,30.826686,30.708158,2.075111,1.961895,781.73111
54.676,30.806555,30.709651,2.065606,1.961729,782.06687
55.704,30.832399,30.730748,2.076365,1.961241,781.635859
56.733,30.802513,30.71087,2.078106,1.961452,782.134312
57.765,30.831443,30.734826,2.065995,1.960919,781.651811
58.855,30.829863,30.728895,2.078039,1.962017,781.678142
59.884,30.829436,30.71429,2.078217,1.961197,781.685262
60.916,30.841187,30.718677,2.077097,1.961751,781.4894
61.947,30.83996,30.721554,2.072727,1.961917,781.509848
62.977,30.846214,30.725684,2.077429,1.962061,781.405646
64.009,30.818731,30.725506,2.069954,1.960731,781.863752
65.039,30.842656,30.743698,2.077429,1.962283,781.464924
66.072,30.856802,30.731931,2.076254,1.961574,781.229278
67.103,30.864573,30.73997,2.065496,1.959733,781.099877
68.135,30.858525,30.747395,2.069522,1.959167,781.200576
69.167,30.839759,30.735027,2.070553,1.957748,781.513192
70.197,30.855413,30.740806,2.065473,1.958613,781.252412
71.227,30.870875,30.741387,2.065174,1.959522,780.994963
72.258,30.861713,30.751667,2.076154,1.958557,781.147503
73.292,30.859043,30.754072,2.073858,1.959411,781.191965
74.321,30.870929,30.737137,2.074601,1.960786,780.994064
75.35,30.857594,30.750717,2.073071,1.960032,781.216083
76.382,30.860015,30.752065,2.07367,1.960309,781.175773
77.414,30.867511,30.758598,2.071396,1.958713,781.050971
78.445,30.842509,30.758264,2.077219,1.960065,781.467367
79.477,30.846103,30.764755,2.07916,1.961551,781.407489
80.508,30.854438,30.751193,2.07601,1.96082,781.26865
81.541,30.860074,30.762239,2.076742,1.961718,781.174788
82.575,30.877916,30.756259,2.080391,1.963137,780.87779
83.605,30.879971,30.768357,2.079193,1.962815,780.84359
84.637,30.872084,30.759864,2.081866,1.96439,780.974839
85.668,30.874057,30.764233,2.081722,1.964789,780.942002
86.699,30.892644,30.760219,2.079626,1.965244,780.632762
87.732,30.885638,30.751497,2.071973,1.964357,780.74931
88.763,30.882685,30.774411,2.080191,1.964024,780.798438
89.796,30.868275,30.764879,2.068368,1.961951,781.038253
90.826,30.87221,30.765861,2.070453,1.961385,780.972742
91.857,30.880048,30.768928,2.075666,1.960564,780.842306
92.889,30.881885,30.763206,2.080346,1.961252,780.811747
93.921,30.882044,30.778754,2.080834,1.963181,780.809094
94.951,30.872313,30.773107,2.080557,1.962971,780.971029
95.982,30.883865,30.78012,2.078228,1.964113,780.778794
97.013,30.882996,30.768779,2.074989,1.962649,780.793259
98.047,30.890075,30.774908,2.070464,1.962549,780.675501
99.077,30.87885,30.782359,2.0753,1.961928,780.862252
100.113,30.906133,30.772075,2.070941,1.963215,780.408484
101.144,30.889054,30.780784,2.069632,1.962671,780.692486
102.174,30.891466,30.772373,2.080746,1.962716,780.652355
103.206,30.896961,30.771084,2.080746,1.962882,780.560983
104.236,30.89685,30.770768,2.069555,1.96398,780.562822
105.269,30.880622,30.776547,2.07957,1.964213,780.832762
106.3,30.90397,30.770096,2.081566,1.9647,780.444444
107.332,30.900503,30.776168,2.075422,1.963658,780.50209
108.361,30.895554,30.784221,2.068346,1.962949,780.58438
109.395,30.905449,30.795752,2.071562,1.963614,780.419858
110.426,30.897084,30.778767,2.077119,1.96225,780.55893
111.456,30.909618,30.790283,2.078772,1.962505,780.350553
112.491,30.9128,30.79443,2.081145,1.963503,780.297673
113.52,30.897354,30.786081,2.081566,1.963747,780.554439
114.552,30.901521,30.792765,2.075999,1.963691,780.485154
115.584,30.897848,30.806205,2.080624,1.963658,780.546227
116.616,30.91174,30.796851,2.081555,1.963703,780.315284
117.646,30.898571,30.805477,2.078494,1.962915,780.534209
118.682,30.903098,30.793864,2.075655,1.962949,780.45894
119.714,30.925917,30.799516,2.074235,1.962383,780.079726
120.746,30.931285,30.815631,2.073792,1.962993,779.990572
121.777,30.903692,30.812809,2.071108,1.963348,780.449063
122.81,30.910732,30.810293,2.073037,1.963725,780.332042
123.843,30.92906,30.810697,2.071873,1.962926,780.027521
124.873,30.911686,30.805287,2.081422,1.963669,780.316182
125.907,30.917944,30.805742,2.081433,1.962804,780.21219
126.939,30.915292,30.823601,2.073304,1.961407,780.256254
127.97,30.928919,30.82682,2.078971,1.963603,780.029871
129.003,30.944544,30.817774,2.076598,1.962305,779.770437
130.035,30.926535,30.817877,2.073947,1.962172,780.069473
131.066,30.916156,30.814384,2.073537,1.962461,780.241893
132.095,30.94755,30.827681,2.072982,1.961518,779.720533
133.13,30.944683,30.821801,2.079792,1.96184,779.768131
134.159,30.94198,30.822673,2.075633,1.961008,779.813003
135.19,30.947231,30.82559,2.074091,1.959677,779.725826
136.223,30.931069,30.834962,2.078772,1.960199,779.99416
137.253,30.946624,30.82506,2.068723,1.958291,779.7359
138.283,30.927525,30.827764,2.070353,1.959334,780.053025
139.314,30.943168,30.82301,2.068912,1.958846,779.793277
