1.034,33.093253,32.938582,1.115925,0.978221,745.499875
2.062,33.10415,32.930396,1.110058,0.9777,745.332988
3.093,33.115459,32.941604,1.108039,0.978521,745.159863
4.176,33.108743,32.944371,1.113019,0.978598,745.262662
5.204,33.117787,32.939558,1.103647,0.978144,745.124244
6.233,33.111096,32.937296,1.111433,0.978266,745.226642
7.262,33.120278,32.942327,1.11496,0.97862,745.086121
8.299,33.124579,32.939069,1.113773,0.978354,745.020306
9.332,33.116289,32.943705,1.113097,0.978842,745.147167
10.368,33.118404,32.9616,1.106841,0.978365,745.114801
11.408,33.116304,32.938744,1.114927,0.978676,745.146932
12.443,33.121909,32.948791,1.104102,0.979519,745.061165
13.473,33.121901,32.951022,1.104312,0.978121,745.061282
14.505,33.123765,32.952874,1.114483,0.978432,745.032763
15.537,33.129697,32.949053,1.114916,0.97882,744.942008
16.567,33.132992,32.951043,1.109947,0.979308,744.891607
17.597,33.108116,32.949421,1.115104,0.978199,745.272266
18.7,33.137006,32.95451,1.110623,0.978332,744.83021
19.731,33.128683,32.960455,1.110823,0.978243,744.957518
20.762,33.100148,32.957382,1.109071,0.978665,745.394268
21.794,33.122538,32.953069,1.106109,0.978543,745.051528
22.852,33.116194,32.951806,1.112808,0.978288,745.148617
23.885,33.130043,32.941502,1.109703,0.978033,744.936721
24.918,33.136774,32.93725,1.113707,0.978532,744.833773
25.951,33.127984,32.947326,1.113817,0.977911,744.96821
26.983,33.122318,32.9481,1.111899,0.9777,745.054897
28.014,33.132127,32.960714,1.103636,0.977423,744.904843
29.045,33.144436,32.949969,1.112764,0.979153,744.716604
30.073,33.11792,32.953445,1.107407,0.978377,745.122207
31.107,33.11795,32.947588,1.113119,0.979696,745.121736
32.137,33.124745,32.948195,1.104922,0.976813,745.01776
33.17,33.141989,32.95031,1.107307,0.977201,744.754025
34.201,33.124802,32.960481,1.111599,0.977966,745.016898
35.231,33.145214,32.950733,1.110379,0.977767,744.704705
36.261,33.147234,32.948709,1.110157,0.978432,744.673824
37.291,33.146454,32.959976,1.117655,0.979818,744.685762
38.32,33.137449,32.964835,1.116801,0.98137,744.823437
39.353,33.147007,32.968225,1.120317,0.983522,744.677308
40.387,33.153988,32.959141,1.11242,0.982978,744.570594
41.419,33.149644,32.965649,1.123555,0.98717,744.636998
42.45,33.151902,32.956949,1.123001,0.987813,744.602483
43.478,33.1563,32.974267,1.121226,0.987835,744.535264
44.51,33.144155,32.968663,1.113917,0.986427,744.72091
45.543,33.145895,32.967557,1.111111,0.983854,744.694294
46.577,33.152951,32.980516,1.116723,0.984353,744.58644
47.608,33.147918,32.966315,1.117056,0.98391,744.663375
48.64,33.15728,32.972974,1.111488,0.982535,744.52028
49.673,33.163192,32.98027,1.11852,0.983976,744.429957
50.704,33.135294,32.9726,1.119363,0.984154,744.856404
51.735,33.138202,32.976521,1.113463,0.982701,744.811926
52.766,33.123934,32.973939,1.117788,0.983444,745.030178
53.795,33.143169,32.964404,1.118953,0.98452,744.73598
54.827,33.169443,32.977458,1.118864,0.984276,744.334455
55.857,33.130032,32.978808,1.118742,0.984076,744.936878
56.938,33.15524,32.981551,1.11872,0.983832,744.551461
57.968,33.158811,32.986429,1.115071,0.982756,744.496885
59.002,33.165155,32.990192,1.119762,0.983943,744.399959
60.032,33.15791,32.987917,1.119995,0.983222,744.510656
61.067,33.166399,32.987344,1.119962,0.983721,744.380952
62.096,33.176427,32.986312,1.112442,0.983012,744.227796
63.126,33.177054,32.995091,1.115104,0.982989,744.218219
64.16,33.166292,32.992053,1.118953,0.983056,744.382595
65.191,33.149492,32.984319,1.120295,0.983766,744.639307
66.223,33.164216,33.002861,1.112387,0.982612,744.414313
67.257,33.18177,33.000686,1.118187,0.984187,744.146219
68.289,33.164044,32.993851,1.120417,0.983688,744.416933
69.321,33.162365,32.992561,1.110069,0.983599,744.442591
70.353,33.186862,32.986399,1.109248,0.983344,744.068488
71.385,33.167119,33.004395,1.118675,0.983998,744.369963
72.416,33.184706,33.00336,1.115137,0.983677,744.101392
73.448,33.170918,33.001291,1.117444,0.983522,744.311933
74.479,33.177359,33.00251,1.119474,0.984109,744.213567
75.512,33.187627,33.010784,1.113551,0.98371,744.056804
76.544,33.181012,32.998894,1.117356,0.983311,744.157788
77.578,33.173457,33.00355,1.119918,0.983965,744.273146
78.609,33.175503,32.989177,1.114416,0.983987,744.241909
79.642,33.189311,32.997178,1.120117,0.9833,744.031093
80.674,33.176148,32.997134,1.112886,0.983699,744.232057
81.707,33.193325,33.008082,1.108117,0.982723,743.969832
82.738,33.178513,33.010981,1.119041,0.983477,744.195937
83.771,33.165217,33.001675,1.118664,0.983599,744.39902
84.802,33.182218,33.006466,1.115171,0.982623,744.139379
85.832,33.17654,33.019284,1.114904,0.983311,744.226076
86.867,33.171776,33.007342,1.107218,0.982302,744.298834
87.896,33.17516,33.011391,1.11862,0.982989,744.247148
88.927,33.161617,33.006213,1.109647,0.982069,744.454013
89.957,33.163035,33.01512,1.11242,0.982756,744.432343
90.989,33.157063,33.012869,1.118032,0.982901,744.523605
92.022,33.177897,33.015243,1.110712,0.983422,744.205358
93.051,33.180428,33.002976,1.120339,0.983932,744.1667
94.081,33.188999,33.010118,1.113762,0.984076,744.03586
95.113,33.190901,33.018697,1.118709,0.983466,744.00683
96.146,33.193402,33.016226,1.12004,0.983677,743.96866
97.176,33.180569,33.017453,1.109148,0.983056,744.16455
98.207,33.19073,33.016669,1.109015,0.982546,744.009448
99.237,33.185658,33.008274,1.107995,0.982768,744.086854
100.269,33.18914,33.012049,1.11201,0.983366,744.033711
101.299,33.179369,33.01083,1.119585,0.982557,744.182882
102.331,33.177198,33.004904,1.108083,0.982745,744.21603
103.362,33.195266,33.016935,1.119829,0.983012,743.940221
104.392,33.168458,33.003772,1.113052,0.982612,744.34951
105.425,33.181493,33.009814,1.116446,0.982346,744.15044
106.454,33.190507,33.022485,1.119984,0.982779,744.012847
107.49,33.192542,33.026736,1.117622,0.982712,743.981787
108.52,33.210727,33.004443,1.118165,0.983433,743.704349
109.552,33.185484,33.019944,1.107307,0.981892,744.089512
110.583,33.19169,33.029586,1.107451,0.983156,743.994797
111.614,33.180848,33.0262,1.11435,0.982368,744.160289
112.648,33.188359,33.017844,1.119208,0.982258,744.045629
113.68,33.178741,33.008218,1.107939,0.98167,744.192458
114.711,33.192749,33.011109,1.111122,0.982479,743.978622
115.741,33.190079,33.017345,1.11354,0.982524,744.019372
116.774,33.202602,33.020989,1.112697,0.983344,743.828281
117.804,33.203276,33.022236,1.119241,0.983278,743.81801
118.833,33.192788,33.031998,1.118032,0.983233,743.978036
119.866,33.200974,33.033406,1.119662,0.9831,743.853119
120.899,33.200544,33.023985,1.119818,0.983455,743.85968
121.932,33.213111,33.015952,1.111621,0.982679,743.668004
122.962,33.195422,33.019755,1.114483,0.983211,743.937838
123.991,33.214401,33.01955,1.119141,0.983766,743.64833
125.022,33.181882,33.032159,1.120217,0.983577,744.144499
126.051,33.203974,33.025793,1.115648,0.983511,743.807349
127.084,33.203749,33.017204,1.120017,0.983333,743.810786
128.116,33.192624,33.027007,1.11628,0.9832,743.980537
129.148,33.18956,33.018684,1.106852,0.981869,744.027303
130.183,33.184967,33.0344,1.103802,0.980095,744.097406
131.214,33.197741,33.022244,1.097192,0.976979,743.902448
132.248,33.205731,33.008756,1.104102,0.974218,743.780562
133.276,33.201463,33.034549,1.095595,0.969317,743.84566
134.309,33.198358,33.024369,1.0989,0.968951,743.893035
135.338,33.205388,33.030285,1.10957,0.969971,743.785794
136.372,33.204389,33.020569,1.107573,0.97179,743.801023
137.401,33.204676,33.028316,1.107618,0.972444,743.79665
138.435,33.204113,33.029791,1.111233,0.974329,743.805241
139.466,33.218873,33.023046,1.107895,0.974107,743.580144
140.498,33.205503,33.03776,1.106608,0.974972,743.784037
141.53,33.208024,33.030823,1.112376,0.976148,743.745577
142.562,33.216374,33.03092,1.106386,0.97678,743.618236
143.593,33.201668,33.041004,1.116091,0.97811,743.842535
144.625,33.219282,33.033076,1.106331,0.977789,743.573899
145.655,33.212297,33.043332,1.116036,0.979352,743.680418
146.689,33.190069,33.038385,1.114061,0.97974,744.019528
147.72,33.195002,33.030016,1.114383,0.979618,743.944245
148.754,33.206703,33.037552,1.115093,0.979641,743.765724
149.784,33.219372,33.040425,1.109326,0.979053,743.572533
150.816,33.224471,33.053075,1.11344,0.978964,743.4948
151.848,33.211692,33.024792,1.114561,0.979241,743.689631
152.879,33.219515,33.038822,1.108749,0.978055,743.570348
153.913,33.224586,33.039934,1.11476,0.978665,743.493044
154.946,33.222326,33.039506,1.114904,0.979197,743.527499
155.977,33.233691,33.032759,1.113385,0.978898,743.35428
157.009,33.236184,33.04453,1.106963,0.978698,743.316292
158.04,33.219548,33.044799,1.115026,0.979552,743.569841
159.07,33.226048,33.043255,1.108449,0.979086,743.470765
160.103,33.227302,33.056535,1.112287,0.978554,743.451648
161.134,33.24277,33.058069,1.106375,0.978709,743.215955
162.166,33.226892,33.048028,1.109492,0.978055,743.45789
163.196,33.239629,33.050486,1.112109,0.978166,743.2638
164.23,33.234464,33.059833,1.115692,0.979086,743.342501
165.262,33.231372,33.043888,1.113341,0.978864,743.38962
166.292,33.231441,33.057119,1.114472,0.979131,743.388567
167.323,33.249663,33.063269,1.108128,0.97872,743.110968
168.353,33.240751,33.064058,1.112509,0.979097,743.24672
169.384,33.238342,33.055126,1.10713,0.977855,743.283415
170.413,33.237034,33.060038,1.10754,0.978909,743.303343
171.446,33.251516,33.079142,1.109392,0.978487,743.082747
172.479,33.243172,33.061431,1.109193,0.978532,743.209834
173.512,33.242102,33.070485,1.112187,0.978898,743.226132
174.545,33.232153,33.071709,1.114705,0.979862,743.377723
175.579,33.241923,33.074551,1.115603,0.980406,743.228862
176.614,33.233722,33.065049,1.106863,0.978876,743.353812
177.648,33.234671,33.05676,1.111544,0.978698,743.339342
178.68,33.253807,33.060775,1.114871,0.979674,743.047864
179.712,33.25746,33.053644,1.112243,0.97933,742.992252
