1.033,39.171139,39.018016,1.210165,1.076011,662.048994
2.061,39.160597,39.016977,1.213537,1.075091,662.178568
3.094,39.158268,39.018563,1.214435,1.075723,662.207199
4.126,39.162337,39.005438,1.215611,1.077142,662.157181
5.157,39.162129,39.015467,1.203123,1.076155,662.15973
6.188,39.175007,39.013061,1.212561,1.075168,662.001454
7.217,39.17794,39.009692,1.208801,1.075401,661.965415
8.248,39.177566,39.02155,1.205685,1.075933,661.970013
9.279,39.156589,39.031151,1.215733,1.076144,662.227843
10.345,39.168334,39.026889,1.204531,1.07712,662.083457
11.374,39.16812,38.998449,1.207437,1.075024,662.086099
12.408,39.174775,39.012148,1.205651,1.076532,662.004312
13.44,39.18123,39.01831,1.214435,1.07671,661.925
14.473,39.167371,39.022243,1.211396,1.0758,662.095298
15.504,39.160519,39.019628,1.206239,1.075168,662.179531
16.535,39.162896,39.026583,1.215167,1.075656,662.150311
17.568,39.179301,39.013158,1.213714,1.075534,661.948702
18.6,39.169996,39.016661,1.20381,1.075922,662.06304
19.63,39.184911,39.030946,1.204198,1.076454,661.879776
20.663,39.181018,39.032087,1.213992,1.077342,661.927609
21.695,39.178899,39.029358,1.211019,1.075734,661.953641
22.739,39.173533,39.027982,1.20818,1.075623,662.019568
23.771,39.15132,39.037818,1.208624,1.078617,662.292643
24.802,39.171207,39.020892,1.205063,1.076499,662.048155
25.835,39.170709,39.011182,1.209999,1.077175,662.054277
26.867,39.166714,39.036162,1.214979,1.076355,662.103379
27.897,39.169821,39.036844,1.204043,1.075434,662.065184
28.93,39.178519,39.035957,1.214469,1.076,661.958301
29.96,39.18432,39.027833,1.209134,1.075989,661.887043
30.99,39.182196,39.033339,1.213116,1.075556,661.913134
32.048,39.179824,39.023578,1.208735,1.076565,661.942271
33.081,39.167313,39.014855,1.204853,1.075468,662.096013
34.111,39.181513,39.024127,1.212927,1.07498,661.921521
35.144,39.1615,39.01894,1.190934,1.072662,662.16747
36.175,39.132175,38.980373,1.150085,1.061064,662.528159
37.207,39.10743,38.951526,1.114439,1.039729,662.832794
38.237,39.124513,38.929722,1.091458,1.011853,662.622462
39.268,39.136254,38.922186,1.085857,0.983688,662.477969
40.298,39.118408,38.898351,1.07989,0.966312,662.697613
41.327,39.111123,38.909114,1.0746,0.958317,662.787323
42.357,39.108308,38.891394,1.065006,0.953294,662.821987
43.39,39.075141,38.886936,1.059372,0.951498,663.230715
44.424,39.087424,38.869899,1.065161,0.950844,663.079289
45.456,39.096784,38.886481,1.060425,0.951476,662.963949
46.489,39.079807,38.854225,1.062854,0.951886,663.173186
47.522,39.084422,38.855092,1.053815,0.951066,663.11629
48.554,39.07706,38.860881,1.059238,0.951332,663.207048
49.585,39.077318,38.859753,1.062,0.951797,663.203867
50.617,39.084688,38.852018,1.056299,0.951941,663.113017
51.648,39.068277,38.862071,1.066825,0.953372,663.315359
52.677,39.066165,38.855616,1.059604,0.95366,663.341406
53.708,39.060206,38.853374,1.055079,0.954503,663.414907
54.737,39.066721,38.834319,1.068588,0.956255,663.334543
55.766,39.049232,38.843843,1.070296,0.955856,663.550316
56.795,39.041569,38.861881,1.073479,0.957841,663.644907
57.83,39.03779,38.853094,1.083506,0.961855,663.691557
58.859,39.031447,38.870083,1.07847,0.966102,663.769883
59.893,39.03815,38.875584,1.089983,0.971635,663.687123
60.926,39.039874,38.859672,1.093088,0.977689,663.665827
61.955,39.056491,38.877421,1.109082,0.984553,663.460745
62.986,39.078858,38.87568,1.132595,0.994433,663.184878
64.017,39.095193,38.862723,1.145316,1.006963,662.983549
65.049,39.09126,38.868366,1.145216,1.01855,663.032008
66.081,39.103364,38.846049,1.130942,1.025702,662.882883
67.113,39.111153,38.835329,1.112309,1.023662,662.786949
68.144,39.111332,38.826235,1.109758,1.015756,662.784738
69.177,39.137993,38.829868,1.105222,1.00683,662.456563
70.207,39.138001,38.828727,1.110878,1.001696,662.45647
71.239,39.143208,38.831915,1.108871,0.997659,662.392416
72.268,39.152263,38.826156,1.102793,0.998746,662.281044
73.298,39.163563,38.836073,1.110634,0.998613,662.142106
74.33,39.150682,38.848261,1.09788,0.997582,662.300479
75.363,39.164198,38.851327,1.10754,0.997039,662.134304
76.395,39.176029,38.863525,1.102926,0.997859,661.988902
77.427,39.164888,38.867768,1.109226,0.997205,662.125818
78.459,39.166643,38.87312,1.10561,0.998036,662.104249
79.489,39.167586,38.883495,1.107019,0.999012,662.092656
80.521,39.162481,38.87986,1.104789,0.999278,662.155409
81.555,39.143228,38.88707,1.122513,1.002516,662.392167
82.584,39.127249,38.891361,1.146492,1.008925,662.588784
83.615,39.12608,38.876138,1.16345,1.021489,662.603164
84.646,39.090155,38.829962,1.221334,1.046249,663.045627
85.678,39.112271,38.821351,1.339542,1.145569,662.773184
86.708,39.113965,38.844843,1.508115,1.324216,662.75232
87.739,39.155912,38.872948,1.610929,1.429324,662.236175
88.771,39.155924,38.903755,1.656413,1.481784,662.23602
89.803,39.159239,38.914047,1.686293,1.519275,662.195261
90.835,39.163813,38.918335,1.698781,1.549413,662.139028
91.867,39.153466,38.911861,1.69958,1.568596,662.266242
92.899,39.15139,38.90861,1.709562,1.580428,662.291772
93.932,39.151886,38.914237,1.706456,1.584098,662.285677
94.961,39.149744,38.916628,1.698082,1.585262,662.312016
95.994,39.162193,38.927675,1.670876,1.581448,662.158953
97.024,39.166021,38.935981,1.640165,1.565891,662.111894
98.057,39.180808,38.937724,1.624593,1.544834,661.930187
99.087,39.212299,38.947896,1.606615,1.520638,661.543519
100.121,39.219472,38.960251,1.584754,1.498628,661.455506
101.151,39.233582,38.964948,1.570868,1.482317,661.282432
102.183,39.234735,38.96621,1.560731,1.465861,661.268295
103.213,39.240648,38.955308,1.503191,1.444294,661.19579
104.244,39.253327,38.955515,1.440848,1.411638,661.040385
105.276,39.233734,38.966114,1.432629,1.375057,661.280572
106.309,39.217459,38.958773,1.374069,1.334096,661.480198
107.338,39.213116,38.947369,1.272686,1.281337,661.533497
108.37,39.216349,38.930225,1.233235,1.226959,661.493817
109.401,39.202193,38.937084,1.221456,1.171095,661.667558
110.433,39.211288,38.932492,1.215267,1.128105,661.55593
111.466,39.224718,38.930129,1.227523,1.113069,661.391147
112.495,39.228923,38.933719,1.222033,1.112259,661.339576
113.532,39.217224,38.93528,1.227678,1.113845,661.483083
114.564,39.215687,38.937719,1.224062,1.115608,661.501945
115.596,39.209129,38.957599,1.231438,1.115209,661.582429
116.627,39.211811,38.948546,1.242573,1.119389,661.549507
117.657,39.197602,38.955697,1.270323,1.128338,661.723929
118.692,39.179928,38.969929,1.294479,1.143562,661.940998
119.721,39.203404,38.98933,1.305881,1.161914,661.652691
120.754,39.176628,38.962707,1.327198,1.182738,661.981539
121.784,39.176952,38.988286,1.346286,1.202121,661.977562
122.816,39.178613,38.98029,1.365828,1.221182,661.957151
123.846,39.183779,38.986057,1.368412,1.236018,661.89369
124.877,39.184944,38.988126,1.352186,1.242716,661.879372
125.908,39.191989,38.999835,1.373303,1.249014,661.792854
126.938,39.19681,39.010363,1.395452,1.256222,661.733646
127.971,39.191556,38.98548,1.416547,1.269727,661.798164
129.002,39.203637,38.976743,1.421383,1.287103,661.649835
130.033,39.206514,38.963279,1.428881,1.302605,661.614517
131.065,39.182337,38.971576,1.420063,1.310622,661.911395
132.094,39.197341,38.942652,1.389275,1.306087,661.727127
133.124,39.197829,38.938862,1.408739,1.298014,661.721135
134.157,39.214926,38.939603,1.455765,1.298059,661.511283
135.188,39.207058,38.937921,1.49902,1.313716,661.607845
136.22,39.203248,38.924756,1.537584,1.348911,661.654615
137.251,39.227919,38.926208,1.545326,1.384948,661.351887
138.282,39.190133,38.935657,1.541,1.412159,661.815646
139.315,39.170319,38.928353,1.55533,1.426453,662.059062
140.346,39.18942,38.941981,1.542985,1.430145,661.824403
141.379,39.213166,38.948766,1.553888,1.433316,661.532876
142.41,39.211366,38.940471,1.551814,1.43325,661.554968
143.444,39.204077,38.954657,1.546723,1.432529,661.644435
144.474,39.184588,38.963822,1.54862,1.430788,661.883751
145.506,39.189263,38.974143,1.579353,1.435723,661.826328
146.537,39.190732,38.968492,1.612881,1.449971,661.808287
147.569,39.22267,38.99484,1.644491,1.474,661.416269
148.602,39.207854,38.994579,1.664931,1.502232,661.598069
149.632,39.20924,39.004396,1.649748,1.521271,661.581064
150.663,39.219045,39.024656,1.616974,1.52605,661.460748
151.695,39.244099,39.009791,1.605273,1.518576,661.153484
152.726,39.23342,39.009361,1.556982,1.497619,661.284417
153.757,39.236267,39.003043,1.524796,1.467646,661.249509
154.788,39.234409,38.991002,1.557115,1.443241,661.272295
155.822,39.237139,38.963825,1.617517,1.439748,661.238814
156.855,39.240272,38.966233,1.650136,1.460284,661.200408
157.89,39.226976,38.9574,1.661094,1.495002,661.363453
158.919,39.251269,38.973662,1.657511,1.522568,661.065605
159.953,39.262719,38.972883,1.654583,1.535541,660.925312
160.984,39.249178,38.968229,1.656746,1.537881,661.091229
162.015,39.225322,38.977457,1.66278,1.539145,661.383735
163.045,39.225338,38.974151,1.664876,1.540831,661.383549
164.076,39.2296,38.98396,1.667205,1.541762,661.331266
165.11,39.238517,38.979905,1.666174,1.541363,661.22192
166.143,39.245743,38.99705,1.657401,1.541762,661.133341
167.173,39.235471,38.986834,1.666174,1.543736,661.259274
168.204,39.238778,38.981896,1.656968,1.54378,661.218727
169.236,39.241844,39.010636,1.617717,1.533468,661.181129
170.266,39.252824,39.006257,1.600093,1.520117,661.046551
171.296,39.245341,39.027081,1.58207,1.501866,661.138268
172.33,39.233491,39.02613,1.577368,1.484423,661.283549
173.36,39.243075,39.025769,1.582669,1.473468,661.166036
174.392,39.221474,39.031922,1.59244,1.468545,661.430939
175.424,39.235359,39.036627,1.60362,1.471417,661.260638
176.456,39.243725,39.02585,1.631181,1.480964,661.158071
177.489,39.237476,39.0142,1.631736,1.492429,661.234691
178.517,39.249386,39.009356,1.634631,1.505458,661.088688
179.551,39.25744,38.992485,1.642494,1.513963,660.989984
180.585,39.248415,39.014698,1.65028,1.519707,661.100586
181.617,39.251279,39.020892,1.653851,1.525207,661.065481
182.647,39.231375,38.999178,1.64631,1.529199,661.309499
183.682,39.26367,38.98997,1.623052,1.527336,660.913667
184.713,39.254204,38.986335,1.618593,1.518543,661.029635
185.744,39.253825,38.971492,1.646775,1.511779,661.034282
186.777,39.24056,38.989778,1.669734,1.515283,661.196875
187.808,39.281098,38.993785,1.643947,1.521769,660.700235
188.84,39.255297,39.007826,1.628442,1.526149,661.016252
189.873,39.246339,39.034353,1.614911,1.51923,661.126027
190.904,39.252978,39.038193,1.611794,1.505891,661.044661
191.934,39.256553,39.040709,1.613913,1.498705,661.000856
192.969,39.242813,39.026725,1.617495,1.496587,661.169259
193.998,39.254354,39.035861,1.610552,1.493594,661.027808
195.028,39.24868,39.052442,1.6146,1.494048,661.097333
196.06,39.263341,39.026409,1.61206,1.492485,660.917693
197.093,39.257868,39.037914,1.609986,1.492341,660.984749
198.125,39.263356,39.034265,1.602988,1.491065,660.917508
199.158,39.263728,39.041898,1.558502,1.482239,660.912955
200.19,39.275559,39.025556,1.528955,1.463289,660.768052
201.221,39.275207,39.027081,1.520881,1.439781,660.772355
202.252,39.26841,39.024074,1.488151,1.412969,660.855606
203.283,39.257526,39.012062,1.430456,1.38364,660.98893
204.313,39.262618,39.002547,1.409061,1.353468,660.926551
205.345,39.245705,39.003252,1.391082,1.320979,661.133805
206.376,39.224728,38.982007,1.422259,1.300132,661.391023
207.407,39.223502,38.984863,1.442833,1.299245,661.406065
208.439,39.22781,38.981681,1.444042,1.306508,661.35322
209.472,39.224827,38.98245,1.449089,1.319548,661.389814
210.501,39.210881,38.976293,1.458749,1.326501,661.560925
211.534,39.246552,38.973086,1.482816,1.335981,661.123424
212.565,39.231292,38.987537,1.494296,1.349554,661.310522
213.596,39.251069,38.990575,1.519605,1.367639,661.068052
214.633,39.248005,39.009305,1.550095,1.390881,661.105606
215.664,39.241187,39.021742,1.569537,1.41186,661.189188
216.695,39.244433,39.004854,1.581482,1.430744,661.149393
217.726,39.23044,39.021876,1.58329,1.446767,661.320972
218.76,39.227562,39.019749,1.587361,1.459385,661.356259
219.792,39.247272,39.028761,1.595701,1.467524,661.114593
220.822,39.236535,39.019961,1.602145,1.474721,661.246223
221.856,39.241131,39.034201,1.592196,1.477504,661.18987
222.888,39.230149,39.021778,1.593538,1.479323,661.324537
223.92,39.247591,39.019989,1.589723,1.479234,661.110688
224.954,39.267853,39.041271,1.594026,1.480365,660.862418
225.987,39.278112,39.020923,1.603077,1.480531,660.736788
227.019,39.27272,39.02048,1.590677,1.479899,660.802817
228.051,39.277644,39.004707,1.595446,1.48062,660.742515
229.082,39.2657,39.014336,1.60321,1.481973,660.8888
230.113,39.283578,39.022379,1.625614,1.486708,660.669876
231.145,39.288287,39.024107,1.634808,1.494492,660.612227
232.176,39.277237,39.018626,1.648428,1.505381,660.747498
233.205,39.261511,39.021616,1.650236,1.516857,660.940116
234.236,39.288371,39.034641,1.648095,1.523965,660.611206
235.27,39.297817,39.049207,1.643792,1.528334,660.4956
236.3,39.295072,39.046253,1.642993,1.529188,660.529192
237.33,39.287488,39.045408,1.646986,1.530563,660.622005
238.364,39.302229,39.049283,1.649592,1.530984,660.441631
239.394,39.279343,39.05033,1.653818,1.532359,660.721715
240.426,39.278469,39.055502,1.651944,1.531184,660.732424
241.457,39.289273,39.06835,1.644202,1.531051,660.600161
242.488,39.295841,39.069377,1.652853,1.529997,660.519788
243.519,39.309029,39.077204,1.652498,1.530929,660.358452
244.553,39.295694,39.075768,1.646276,1.530485,660.521582
245.584,39.303391,39.073545,1.643315,1.531616,660.427405
246.615,39.298609,39.076408,1.655681,1.531605,660.485919
247.645,39.30873,39.074693,1.643725,1.531683,660.3621
248.677,39.326594,39.08553,1.642993,1.531771,660.143675
249.709,39.303824,39.071248,1.651633,1.531095,660.422118
250.74,39.313017,39.068145,1.647796,1.531328,660.309668
251.771,39.307878,39.07467,1.653153,1.53125,660.37252
252.805,39.319514,39.076757,1.645056,1.530263,660.230231
253.837,39.326104,39.085601,1.653985,1.531993,660.149669
254.869,39.323129,39.075313,1.650524,1.530319,660.186038
255.902,39.329079,39.087786,1.650812,1.530485,660.113304
256.936,39.311984,39.080007,1.655027,1.531017,660.322311
257.966,39.304653,39.083547,1.649138,1.531572,660.411975
258.999,39.286472,39.07898,1.645411,1.530773,660.634444
260.03,39.311197,39.085757,1.654628,1.531317,660.331926
261.061,39.316352,39.085542,1.654639,1.532292,660.268896
262.093,39.322904,39.096743,1.652188,1.532182,660.188788
263.126,39.323083,39.094852,1.64347,1.531272,660.186594
264.157,39.327997,39.088178,1.645544,1.53135,660.126527
265.188,39.320692,39.087318,1.652964,1.531428,660.215829
266.219,39.320014,39.101437,1.655282,1.53176,660.224111
267.249,39.305222,39.104575,1.64245,1.531084,660.405017
268.281,39.316966,39.10542,1.654639,1.530918,660.261385
269.314,39.311511,39.098592,1.642627,1.530563,660.328092
270.344,39.33191,39.09888,1.647785,1.530718,660.078703
271.378,39.322284,39.1019,1.652798,1.531206,660.19636
272.411,39.312664,39.106287,1.64652,1.530285,660.313996
273.443,39.338363,39.094348,1.64896,1.530374,659.999846
274.474,39.334314,39.099204,1.650812,1.530784,660.049326
275.504,39.336561,39.097507,1.652631,1.531017,660.021867
276.538,39.339501,39.107812,1.656169,1.531239,659.985948
277.567,39.326172,39.099963,1.649482,1.531738,660.148835
278.598,39.334971,39.105324,1.644158,1.531638,660.041295
279.63,39.335312,39.105787,1.648883,1.531184,660.037125
280.662,39.338447,39.106963,1.64947,1.530308,659.998827
281.695,39.341189,39.100673,1.643071,1.529665,659.965319
282.727,39.328556,39.125388,1.652021,1.530441,660.119699
283.76,39.32714,39.113871,1.648927,1.530951,660.137001
284.791,39.326015,39.108265,1.652021,1.53033,660.15075
285.821,39.332178,39.103589,1.65353,1.53094,660.075429
286.854,39.344836,39.11658,1.652953,1.530385,659.92076
287.886,39.337574,39.117617,1.647385,1.530607,660.009482
288.916,39.334096,39.119657,1.653519,1.529775,660.051983
289.949,39.355488,39.105589,1.651167,1.529709,659.790669
290.98,39.334172,39.100016,1.652665,1.529021,660.051056
292.01,39.346826,39.122376,1.649271,1.529421,659.896461
293.043,39.358761,39.118671,1.651589,1.529886,659.750701
294.075,39.350513,39.126386,1.643282,1.530319,659.851417
295.107,39.35456,39.120709,1.652609,1.531184,659.801997
296.139,39.335497,39.124978,1.657401,1.531638,660.034871
297.172,39.331556,39.132031,1.647019,1.531749,660.083028
298.201,39.335628,39.112311,1.651201,1.531572,660.033265
299.233,39.326743,39.125289,1.653874,1.532182,660.141852
300.265,39.341596,39.116294,1.642106,1.532204,659.960347
301.295,39.338191,39.131732,1.639965,1.531572,660.001946
302.327,39.363536,39.128533,1.640498,1.529875,659.692409
303.359,39.360149,39.12671,1.64804,1.529365,659.733759
304.389,39.348239,39.129742,1.653718,1.529276,659.879202
305.421,39.33077,39.133292,1.642261,1.528489,660.092636
306.453,39.341538,39.128685,1.644191,1.529409,659.961057
307.485,39.352361,39.13816,1.647563,1.529653,659.828852
308.517,39.360859,39.123769,1.650923,1.529321,659.725087
309.548,39.347129,39.108993,1.644369,1.530574,659.892756
310.58,39.361852,39.130969,1.655992,1.529598,659.71296
311.609,39.357545,39.135101,1.655559,1.530297,659.765546
312.643,39.338489,39.133523,1.652476,1.531084,659.998302
313.673,39.326677,39.133341,1.650746,1.532037,660.142655
314.705,39.346896,39.126814,1.648927,1.531505,659.895596
315.736,39.350028,39.140547,1.651079,1.531483,659.857345
316.771,39.346502,39.136711,1.64987,1.531516,659.900413
317.802,39.376676,39.134977,1.656291,1.531017,659.532027
318.835,39.372774,39.139392,1.652609,1.531161,659.57965
319.867,39.358776,39.131087,1.656447,1.532326,659.750516
320.9,39.369546,39.125393,1.657523,1.53278,659.619042
321.929,39.368255,39.142262,1.64642,1.533512,659.634806
322.962,39.37821,39.15733,1.654206,1.532536,659.513307
323.993,39.359805,39.13857,1.646066,1.53318,659.737956
325.024,39.374965,39.140077,1.649814,1.533534,659.552907
326.056,39.355516,39.140284,1.657068,1.532714,659.79033
327.087,39.357533,39.137394,1.65821,1.533401,659.7657
328.119,39.366776,39.131474,1.655504,1.534355,659.652854
329.152,39.355584,39.14383,1.657412,1.532548,659.789496
330.182,39.37037,39.126725,1.64764,1.533712,659.608985
331.214,39.371558,39.149317,1.650979,1.532636,659.594487
332.246,39.334617,39.153785,1.5778,1.523388,660.04562
333.279,39.339905,39.132018,1.477814,1.487517,659.981007
334.307,39.3456,39.12031,1.444419,1.434802,659.911435
335.338,39.343014,39.1083,1.411756,1.374026,659.943023
336.369,39.340805,39.095752,1.372283,1.320868,659.970013
337.401,39.331088,39.101505,1.357321,1.285906,660.088743
338.431,39.341085,39.089852,1.352752,1.263008,659.966585
339.464,39.351047,39.101654,1.391726,1.252651,659.844904
340.496,39.356552,39.099103,1.418987,1.259692,659.777675
341.527,39.366642,39.087497,1.44138,1.278631,659.654489
342.559,39.363119,39.103121,1.461145,1.304202,659.697501
343.593,39.356375,39.098531,1.503912,1.332444,659.779836
344.623,39.351128,39.121769,1.532282,1.360897,659.843916
345.656,39.349015,39.109077,1.554254,1.389284,659.869724
346.688,39.347776,39.13728,1.575116,1.41492,659.884852
347.718,39.346651,39.112799,1.597775,1.438262,659.898591
348.75,39.346752,39.125592,1.649493,1.465262,659.897356
349.782,39.363546,39.144115,1.678695,1.497863,659.692286
350.814,39.363882,39.131409,1.694511,1.531217,659.688182
351.847,39.355195,39.145387,1.706246,1.559293,659.79425
352.879,39.358074,39.142836,1.688289,1.574828,659.759096
353.908,39.372905,39.142011,1.645145,1.570404,659.578046
354.942,39.382563,39.163945,1.610363,1.551431,659.460206
355.974,39.384605,39.129069,1.602733,1.523743,659.435292
357.006,39.381559,39.138208,1.572898,1.497242,659.472447
358.038,39.37492,39.143243,1.572232,1.475597,659.553463
359.069,39.356597,39.14143,1.556472,1.461082,659.77712
360.102,39.394075,39.141789,1.555596,1.451757,659.319784
361.134,39.396623,39.161962,1.558191,1.444061,659.288717
362.165,39.384711,39.16879,1.541887,1.437818,659.433998
363.195,39.399221,39.150371,1.523887,1.430799,659.257037
364.226,39.414721,39.164162,1.526593,1.421108,659.068097
365.256,39.421229,39.171215,1.517054,1.410208,658.988801
366.29,39.41462,39.169002,1.510078,1.401514,659.069329
367.319,39.395541,39.168681,1.511398,1.396103,659.301908
368.35,39.403967,39.155585,1.502459,1.390027,659.19917
369.385,39.399125,39.150369,1.478779,1.382054,659.258208
370.416,39.383243,39.166173,1.461599,1.371442,659.451911
371.446,39.386968,39.149195,1.477936,1.360797,659.406466
372.478,39.376201,39.160931,1.490702,1.357504,659.537826
373.509,39.368105,39.152789,1.508037,1.362827,659.636626
374.539,39.375448,39.169692,1.513727,1.375091,659.547017
375.574,39.381286,39.172072,1.521125,1.388042,659.475778
376.607,39.395811,39.169389,1.544083,1.400827,659.29861
377.642,39.399805,39.162615,1.570547,1.416972,659.249919
378.672,39.377963,39.182168,1.558058,1.429058,659.51633
379.706,39.391575,39.187233,1.55279,1.437463,659.350268
380.738,39.398639,39.199093,1.554198,1.438639,659.264125
381.768,39.38072,39.183002,1.542209,1.434015,659.482685
382.799,39.396428,39.19037,1.546435,1.431964,659.29109
383.832,39.372551,39.179326,1.5471,1.430478,659.582364
384.861,39.398382,39.183339,1.549962,1.430433,659.267268
385.893,39.414294,39.174069,1.547144,1.430855,659.073302
386.924,39.390072,39.181597,1.547899,1.429092,659.368609
387.956,39.395003,39.183784,1.544782,1.429568,659.308473
388.985,39.403462,39.178461,1.549285,1.428471,659.205332
390.016,39.402178,39.165116,1.552978,1.429058,659.220984
391.046,39.405716,39.168731,1.553855,1.42979,659.17785
392.079,39.4003,39.166107,1.550261,1.429945,659.243879
393.108,39.398546,39.179053,1.553555,1.429823,659.265265
394.14,39.4114,39.176969,1.554254,1.430722,659.108569
395.17,39.420306,39.171166,1.554087,1.431065,659.00004
396.202,39.39591,39.168653,1.55167,1.431365,659.297408
397.235,39.404129,39.190148,1.553821,1.430711,659.197198
398.266,39.407811,39.171257,1.552391,1.430212,659.15231
399.298,39.406917,39.188143,1.553633,1.431076,659.163216
400.329,39.421193,39.194795,1.549984,1.431065,658.989232
401.361,39.427276,39.18299,1.553045,1.429879,658.915126
402.392,39.409143,39.181766,1.544472,1.430156,659.136076
403.426,39.409388,39.198828,1.54059,1.429812,659.133088
404.459,39.428229,39.19947,1.542908,1.429857,658.90352
405.488,39.423324,39.196259,1.540812,1.429258,658.963276
406.524,39.427918,39.204261,1.542963,1.428105,658.907307
407.556,39.429591,39.195124,1.554897,1.429901,658.886929
408.586,39.414898,39.206851,1.555829,1.430866,659.065941
409.618,39.397098,39.204931,1.555374,1.431354,659.282923
410.65,39.399044,39.201414,1.545614,1.43376,659.259194
411.68,39.412355,39.20432,1.547788,1.433915,659.096926
412.711,39.42344,39.198886,1.547588,1.433882,658.96186
413.744,39.420751,39.199781,1.556561,1.433505,658.99462
414.777,39.432293,39.208122,1.550195,1.434093,658.854025
415.806,39.438403,39.204547,1.544605,1.434237,658.77961
416.84,39.424001,39.203412,1.548675,1.430954,658.955025
417.872,39.428641,39.1932,1.554409,1.431564,658.898503
418.905,39.411989,39.199329,1.549329,1.431221,659.101392
419.938,39.450781,39.204183,1.552679,1.430833,658.628924
420.972,39.434383,39.198631,1.555252,1.431609,658.828572
422.001,39.414946,39.198702,1.544605,1.430145,659.065356
423.033,39.422305,39.199351,1.54883,1.430788,658.975684
424.066,39.415378,39.225651,1.547056,1.431808,659.06009
425.096,39.399605,39.219285,1.554731,1.432041,659.252353
426.126,39.404308,39.219583,1.549263,1.431564,659.195011
427.158,39.435626,39.208868,1.547943,1.432185,658.81343
428.187,39.437044,39.225416,1.555374,1.431886,658.796166
429.219,39.44647,39.213728,1.550394,1.431453,658.681401
430.25,39.446033,39.221406,1.554686,1.432019,658.686723
431.282,39.442765,39.211624,1.543618,1.431975,658.726502
432.31,39.410571,39.206792,1.513483,1.425011,659.118672
433.343,39.417561,39.22267,1.464971,1.408068,659.033482
434.372,39.422126,39.212759,1.449987,1.384715,658.97787
435.405,39.432101,39.219464,1.450408,1.35848,658.856364
436.436,39.426675,39.216638,1.450131,1.340705,658.922453
437.469,39.431547,39.207321,1.448723,1.332189,658.863104
438.503,39.407109,39.198042,1.448113,1.328996,659.160875
439.534,39.424231,39.215765,1.447602,1.328142,658.952223
440.566,39.429571,39.208527,1.463008,1.330504,658.887175
441.598,39.431648,39.196269,1.461178,1.336314,658.861873
442.628,39.420079,39.207733,1.476772,1.344065,659.002811
443.66,39.435752,39.20727,1.490103,1.352814,658.811891
444.691,39.423437,39.219629,1.491035,1.363414,658.96189
445.724,39.435972,39.222991,1.505941,1.372529,658.809214
446.756,39.418471,39.207966,1.511265,1.379493,659.022395
447.785,39.439134,39.210903,1.512097,1.384394,658.770717
448.819,39.43155,39.213166,1.5167,1.389539,658.863074
449.85,39.427034,39.21753,1.515147,1.392311,658.918081
450.88,39.429298,39.228983,1.519273,1.394784,658.890499
451.912,39.434021,39.221813,1.520604,1.396281,658.832973
452.941,39.432866,39.20995,1.511576,1.396813,658.847038
453.972,39.446147,39.215523,1.519739,1.396691,658.685339
455.003,39.456849,39.217695,1.511831,1.397412,658.555083
456.037,39.448477,39.220961,1.519373,1.398709,658.656976
457.069,39.456154,39.227537,1.517332,1.398454,658.563539
458.099,39.458742,39.213093,1.520471,1.398798,658.532051
459.13,39.464554,39.220036,1.511498,1.398044,658.461336
460.162,39.460293,39.209088,1.520526,1.397767,658.513172
461.194,39.460887,39.224695,1.508914,1.39729,658.505946
462.225,39.447092,39.218501,1.519994,1.398132,658.673834
463.258,39.448446,39.216557,1.508171,1.397256,658.657346
464.288,39.445773,39.225494,1.519594,1.396802,658.689892
465.319,39.466206,39.233044,1.515546,1.39556,658.441231
466.354,39.473191,39.237658,1.507494,1.395349,658.356275
467.385,39.451297,39.24752,1.517897,1.394695,658.62265
468.416,39.450726,39.226895,1.516633,1.396392,658.629601
469.446,39.464698,39.247434,1.516411,1.395183,658.459584
470.478,39.455178,39.2359,1.516167,1.396003,658.57541
471.509,39.444994,39.24773,1.507871,1.395227,658.699367
472.541,39.451929,39.248554,1.516622,1.395804,658.61496
473.575,39.468668,39.244787,1.508681,1.395139,658.411291
474.606,39.471455,39.241634,1.513239,1.396846,658.377389
475.637,39.457046,39.241361,1.520249,1.396558,658.552684
476.668,39.471983,39.246817,1.512518,1.397988,658.370965
477.7,39.471895,39.241824,1.518496,1.396846,658.372041
478.731,39.472592,39.237807,1.519384,1.397512,658.363559
479.762,39.492429,39.233008,1.517043,1.39638,658.122388
480.796,39.473158,39.247088,1.517665,1.39556,658.356674
481.829,39.479109,39.244759,1.514215,1.396591,658.284306
482.859,39.449639,39.244127,1.51416,1.396037,658.642827
483.892,39.470328,39.255195,1.508869,1.395726,658.391097
484.924,39.472016,39.255327,1.51274,1.395327,658.370566
485.956,39.474154,39.245674,1.519073,1.395405,658.344566
486.988,39.462959,39.239733,1.52006,1.395693,658.480735
488.018,39.48177,39.266688,1.508448,1.39597,658.251953
489.049,39.48296,39.247093,1.513894,1.39576,658.237483
490.081,39.465597,39.247866,1.510078,1.39638,658.448639
491.113,39.452689,39.26306,1.519683,1.396691,658.605703
492.146,39.482869,39.252212,1.520837,1.397001,658.238589
493.176,39.480208,39.246853,1.520404,1.397168,658.270941
494.211,39.4602,39.268809,1.521203,1.3976,658.514309
495.242,39.486963,39.26368,1.520138,1.397589,658.188823
496.273,39.502299,39.262744,1.508769,1.397135,658.002452
497.305,39.494928,39.254788,1.51935,1.396159,658.092017
498.335,39.491527,39.271324,1.513927,1.396968,658.133353
499.368,39.50195,39.266637,1.544061,1.401049,658.006689
500.4,39.497169,39.267826,1.569094,1.414543,658.064779
501.433,39.497758,39.279983,1.592196,1.431941,658.057625
502.465,39.505295,39.277455,1.602234,1.45261,657.966044
503.498,39.510834,39.277189,1.599561,1.469066,657.898763
504.53,39.50925,39.273445,1.591719,1.475641,657.918007
505.562,39.50759,39.290555,1.580196,1.47492,657.938172
506.593,39.520987,39.289139,1.556616,1.467779,657.775471
507.626,39.513874,39.296923,1.556173,1.454662,657.861844
508.656,39.517881,39.30189,1.533414,1.439992,657.813178
509.689,39.50551,39.302714,1.501305,1.423514,657.963435
510.721,39.526199,39.307163,1.499386,1.406526,657.712186
511.753,39.520544,39.299203,1.513295,1.39413,657.78084
512.784,39.52412,39.311177,1.49495,1.383651,657.737431
513.816,39.532036,39.319883,1.445883,1.372729,657.641338
514.847,39.535924,39.311968,1.407098,1.354455,657.594145
515.88,39.535513,39.30557,1.3754,1.324593,657.599143
516.912,39.516507,39.303796,1.321165,1.283178,657.82987
517.943,39.531632,39.270606,1.281891,1.239278,657.646245
518.973,39.50411,39.285999,1.276201,1.203496,657.980441
520.005,39.509144,39.290373,1.299393,1.182627,657.919296
521.038,39.528754,39.298171,1.361092,1.184911,657.681177
522.07,39.509252,39.314478,1.431953,1.219186,657.917976
523.099,39.509452,39.310325,1.46567,1.265259,657.915551
524.131,39.492891,39.297519,1.484269,1.314004,658.116768
525.165,39.502276,39.309147,1.510489,1.351195,658.002728
526.196,39.501492,39.305083,1.521879,1.375079,658.012246
527.229,39.502806,39.3121,1.512707,1.388208,657.996281
528.262,39.510074,39.299119,1.518785,1.39627,657.908001
529.293,39.500287,39.302595,1.513694,1.397767,658.02689
530.324,39.485672,39.287736,1.514836,1.394606,658.20452
531.357,39.470315,39.300224,1.511121,1.392877,658.39125
532.388,39.489227,39.296518,1.509158,1.392233,658.161302
533.418,39.49678,39.300239,1.50847,1.388452,658.069508
534.451,39.489078,39.298331,1.503246,1.388497,658.163114
535.482,39.488868,39.291351,1.502459,1.389594,658.165663
536.517,39.501237,39.289594,1.512529,1.390127,658.015346
537.545,39.494506,39.282632,1.51508,1.390614,658.097145
538.575,39.508191,39.276267,1.510855,1.389007,657.930867
539.613,39.5043,39.269747,1.503745,1.389883,657.978139
540.645,39.508636,39.295176,1.508259,1.391812,657.925465
541.675,39.522654,39.290623,1.514814,1.390515,657.755223
542.705,39.518839,39.274424,1.534301,1.393087,657.80155
543.738,39.521206,39.292289,1.573818,1.408278,657.772802
544.769,39.520423,39.287099,1.603842,1.430589,657.782313
545.8,39.525894,39.300671,1.609321,1.454972,657.715897
546.831,39.530037,39.301526,1.609753,1.473468,657.665596
547.863,39.519397,39.295054,1.605561,1.483448,657.794769
548.899,39.516401,39.297021,1.632135,1.488637,657.831159
549.929,39.521396,39.309896,1.651334,1.49824,657.770501
550.961,39.513118,39.296232,1.658876,1.511679,657.87102
551.994,39.528557,39.301296,1.654262,1.522989,657.683569
553.026,39.520165,39.298786,1.64611,1.529032,657.785442
554.056,39.532316,39.294387,1.639156,1.5286,657.637934
555.088,39.537875,39.299175,1.645788,1.526072,657.570474
556.117,39.526055,39.295156,1.637159,1.523932,657.713934
557.147,39.506852,39.294637,1.647396,1.522368,657.947135
558.179,39.52743,39.309317,1.638435,1.52167,657.697248
559.209,39.539217,39.306182,1.646664,1.520893,657.554194
560.239,39.545546,39.314746,1.646066,1.522889,657.477402
561.275,39.513272,39.309084,1.649415,1.524198,657.869148
562.305,39.541081,39.31939,1.6517,1.525218,657.531568
563.337,39.518417,39.3196,1.651245,1.526693,657.806673
564.368,39.519738,39.331708,1.63157,1.524564,657.790627
565.4,39.540677,39.317373,1.629551,1.520128,657.536474
566.43,39.544773,39.33355,1.630305,1.514739,657.486782
567.462,39.528918,39.330512,1.625725,1.508563,657.679183
568.492,39.551193,39.317717,1.61714,1.505436,657.408902
569.521,39.530459,39.31597,1.627654,1.503108,657.660475
570.551,39.539052,39.340726,1.624726,1.50364,657.556187
571.582,39.55137,39.336341,1.627865,1.501921,657.406757
572.613,39.553596,39.331174,1.629218,1.502609,657.37976
573.643,39.553396,39.331414,1.624172,1.503307,657.382181
574.675,39.543161,39.327618,1.628187,1.503917,657.506339
575.705,39.567135,39.33582,1.626789,1.502986,657.215585
576.736,39.552782,39.334301,1.627699,1.503363,657.389627
577.766,39.562916,39.331511,1.628442,1.503762,657.266738
579.307,39.571269,39.345468,1.627111,1.502032,657.165482
580.858,39.551999,39.335972,1.628475,1.503085,657.399127
582.091,39.55477,39.334865,1.624161,1.503662,657.365511
584.317,39.556986,39.344824,1.626745,1.501344,657.33864
585.684,39.569733,39.346479,1.620068,1.500014,657.184102
587.078,39.564344,39.340572,1.627665,1.500746,657.249431
588.495,39.554394,39.344996,1.628065,1.503119,657.370077
590.55,39.571893,39.340926,1.630948,1.503751,657.157918
592.033,39.563406,39.336596,1.630749,1.505081,657.260795
593.534,39.550665,39.33877,1.631326,1.504749,657.415307
595.381,39.572304,39.342491,1.63025,1.504183,657.152927
596.824,39.580129,39.346237,1.632623,1.506246,657.058104
598.501,39.562047,39.342435,1.630882,1.505902,657.277275
600.152,39.556615,39.367519,1.630006,1.505691,657.343144
601.527,39.561297,39.364349,1.618227,1.504283,657.286374
602.957,39.562022,39.35137,1.506374,1.477493,657.277582
604.367,39.549328,39.344275,1.450985,1.423248,657.43152
606.115,39.545581,39.333785,1.432141,1.348267,657.476973
607.665,39.548985,39.328606,1.40488,1.314104,657.435688
609.203,39.532766,39.323341,1.392835,1.295242,657.632475
611.051,39.52815,39.301273,1.430533,1.286571,657.688507
612.723,39.514607,39.270584,1.495959,1.308382,657.852945
614.246,39.511655,39.289488,1.657145,1.486331,657.888789
615.707,39.48549,39.294678,1.76352,1.59767,658.206732
617.438,39.537592,39.299367,1.755889,1.636136,657.573908
618.961,39.553724,39.319382,1.736336,1.643266,657.378197
620.712,39.541657,39.338975,1.648395,1.599267,657.524579
622.374,39.541311,39.361266,1.626789,1.551043,657.528779
623.937,39.551107,39.353628,1.635773,1.519042,657.409944
625.555,39.562252,39.349735,1.611506,1.50833,657.274794
626.941,39.580058,39.350281,1.56062,1.489613,657.058961
628.532,39.598331,39.347276,1.492943,1.441311,656.837609
630.224,39.618405,39.34266,1.46516,1.383784,656.594605
631.951,39.624385,39.33371,1.463263,1.354111,656.522252
633.514,39.607626,39.322203,1.467744,1.349099,656.725076
634.991,39.597723,39.345008,1.490702,1.353601,656.844982
636.807,39.589098,39.352318,1.500429,1.366175,656.949445
638.119,39.583198,39.33921,1.510333,1.374226,657.020911
639.148,39.599635,39.365287,1.520005,1.381932,656.821823
640.179,39.580616,39.362671,1.527369,1.390027,657.052196
641.209,39.570538,39.377134,1.528966,1.397755,657.174332
642.282,39.578168,39.358496,1.533769,1.404431,657.081861
643.313,39.579485,39.379176,1.534778,1.407768,657.065911
644.346,39.565635,39.375781,1.531905,1.409587,657.233779
645.38,39.584548,39.372175,1.53104,1.41084,657.004566
646.414,39.577064,39.384638,1.533026,1.411239,657.09524
647.452,39.573206,39.383273,1.533059,1.411139,657.141995
648.489,39.570056,39.367233,1.525816,1.411195,657.180182
649.521,39.577547,39.370893,1.535366,1.410274,657.089392
650.552,39.573808,39.366478,1.532471,1.412026,657.134707
651.582,39.581448,39.377356,1.526327,1.411638,657.042124
652.716,39.567107,39.369362,1.526271,1.412725,657.215922
653.747,39.583689,39.371879,1.526504,1.412248,657.014973
654.776,39.58716,39.34862,1.536109,1.412414,656.972918
655.807,39.585316,39.350438,1.536719,1.41227,656.995261
656.839,39.592086,39.353342,1.536353,1.411472,656.913243
657.908,39.585245,39.34835,1.535632,1.411771,656.996118
658.941,39.565005,39.34059,1.538538,1.413279,657.241406
659.973,39.593236,39.350417,1.526548,1.413346,656.89932
661.004,39.606102,39.350678,1.529443,1.413002,656.743518
662.037,39.587001,39.333689,1.533358,1.412913,656.974846
663.107,39.596507,39.356251,1.530885,1.411627,656.859697
664.139,39.590444,39.36714,1.534334,1.41329,656.933134
665.589,39.581945,39.374692,1.533414,1.412936,657.036094
666.62,39.601886,39.355372,1.535366,1.413546,656.794567
667.653,39.587994,39.364246,1.536553,1.413756,656.962819
668.683,39.583855,39.376302,1.52646,1.412991,657.012953
669.716,39.602141,39.356918,1.53693,1.412792,656.791478
670.747,39.574475,39.372096,1.538604,1.412825,657.126624
671.778,39.58813,39.36765,1.537163,1.41247,656.961166
672.81,39.590209,39.357669,1.537495,1.413468,656.93598
673.843,39.587549,39.365138,1.537662,1.413213,656.968205
674.873,39.606699,39.376107,1.537218,1.413313,656.7363
675.906,39.59887,39.359029,1.52758,1.413135,656.831092
676.937,39.577845,39.373734,1.532604,1.412769,657.08578
677.968,39.595532,39.379072,1.525417,1.412503,656.871507
679.0,39.599865,39.359449,1.536419,1.412426,656.819039
