1.031,31.94831,31.790685,1.561618,1.425931,763.418003
2.058,31.962339,31.782195,1.561707,1.427129,763.193788
3.089,31.945107,31.784467,1.553034,1.425887,763.469213
4.123,31.956682,31.789204,1.555563,1.426042,763.284181
5.153,31.965488,31.792739,1.551525,1.424978,763.143473
6.183,31.968681,31.779085,1.560676,1.425521,763.092468
7.216,31.944974,31.787635,1.552235,1.425122,763.471347
8.247,31.952925,31.775673,1.560576,1.425787,763.344235
9.277,31.962118,31.79087,1.553489,1.425432,763.197314
10.308,31.960365,31.792934,1.554043,1.425532,763.225325
11.339,31.977491,31.801124,1.562239,1.426575,762.951745
12.37,31.978156,31.797129,1.56052,1.427451,762.94113
13.405,31.965311,31.793519,1.557725,1.425765,763.146302
14.437,31.962921,31.801442,1.563315,1.427029,763.184479
15.467,31.965396,31.805409,1.559389,1.426807,763.144949
16.53,31.974581,31.802136,1.554864,1.426896,762.998224
17.56,31.982244,31.786629,1.561141,1.426586,762.87585
18.59,31.98082,31.799715,1.559988,1.425732,762.898592
19.62,31.984153,31.802942,1.560066,1.427151,762.845364
20.654,31.972127,31.819437,1.561286,1.42602,763.037411
21.685,31.976642,31.802323,1.556417,1.426974,762.965311
22.718,31.974255,31.797958,1.554476,1.426164,763.003429
23.75,31.974709,31.802783,1.558224,1.42714,762.996174
24.779,31.975133,31.792849,1.56103,1.427428,762.989411
25.813,31.990246,31.804444,1.561563,1.427295,762.748105
26.847,31.984028,31.794018,1.562494,1.427717,762.847372
27.882,31.988203,31.80251,1.560809,1.42734,762.780714
28.914,31.978058,31.804495,1.558779,1.426131,762.942688
29.948,31.98413,31.798862,1.56336,1.427595,762.845733
30.979,31.989812,31.816163,1.563914,1.427728,762.755028
32.01,31.968303,31.80194,1.553921,1.427085,763.098495
33.041,31.997427,31.809221,1.553278,1.427417,762.633506
34.072,31.994629,31.811285,1.559711,1.427772,762.678146
35.104,31.979685,31.820746,1.558313,1.426774,762.916705
36.135,31.98391,31.815357,1.55432,1.426541,762.849257
37.164,31.975908,31.812867,1.563903,1.427772,762.977033
38.199,31.971114,31.82455,1.556827,1.42622,763.053603
39.23,31.988085,31.832309,1.563038,1.428083,762.782598
40.263,31.980707,31.824368,1.554387,1.426619,762.900395
41.293,31.985819,31.825267,1.564413,1.427794,762.818774
42.325,31.984128,31.829084,1.558269,1.42653,762.845774
43.358,31.989897,31.831318,1.562217,1.428049,762.753676
44.389,31.987562,31.824933,1.562639,1.426852,762.790955
45.42,32.005392,31.830866,1.560598,1.427417,762.506411
46.45,31.99785,31.821149,1.55249,1.426519,762.626749
47.481,32.012593,31.832062,1.558945,1.425277,762.391553
48.513,32.001633,31.82913,1.564158,1.426763,762.566391
49.543,32.012016,31.839052,1.56265,1.427129,762.400762
50.574,32.004181,31.824658,1.557581,1.427029,762.525735
51.606,32.001851,31.831567,1.56306,1.427151,762.562911
52.636,32.005775,31.830414,1.556794,1.425876,762.500311
53.669,32.001168,31.833225,1.561075,1.427262,762.573802
54.698,32.012465,31.835689,1.558136,1.426663,762.393599
55.729,32.011615,31.834103,1.565001,1.428304,762.407146
56.759,32.004982,31.843468,1.554054,1.426608,762.512962
57.794,31.995484,31.847845,1.553078,1.427306,762.664508
58.824,32.013386,31.845437,1.553888,1.426852,762.378907
59.857,32.007104,31.845747,1.564657,1.426863,762.479106
60.888,32.014338,31.856437,1.554864,1.426519,762.363723
61.919,32.024303,31.848458,1.555418,1.426475,762.204845
62.951,32.02438,31.846597,1.563215,1.428005,762.203617
63.981,32.014995,31.842818,1.562594,1.427916,762.353247
65.011,32.02372,31.851996,1.558069,1.426175,762.214131
66.045,32.025301,31.854191,1.558513,1.425044,762.188932
67.077,32.017276,31.862516,1.562816,1.42755,762.316867
68.107,32.009755,31.862772,1.564757,1.426674,762.436821
69.139,32.028421,31.86335,1.555995,1.427905,762.139192
70.168,32.035019,31.867059,1.588104,1.431265,762.034047
71.198,32.036222,31.868255,1.603498,1.44303,762.01487
72.229,32.041526,31.863114,1.619735,1.456414,761.930361
73.262,32.04323,31.880777,1.615854,1.470485,761.903217
74.294,32.033784,31.876236,1.620257,1.481041,762.053716
75.326,32.033828,31.866081,1.625237,1.485754,762.053021
76.359,32.028714,31.872098,1.61612,1.488027,762.134529
77.391,32.056009,31.883901,1.622652,1.48775,761.699696
78.424,32.055008,31.877142,1.621377,1.488737,761.715631
79.456,32.063245,31.887204,1.621088,1.488304,761.584495
80.486,32.060607,31.889047,1.622586,1.488448,761.626487
81.518,32.063853,31.876431,1.616719,1.487805,761.574815
82.551,32.06226,31.89393,1.618648,1.487062,761.60018
83.584,32.067925,31.891265,1.607391,1.487462,761.51
84.615,32.057441,31.888349,1.58339,1.478946,761.676899
85.644,32.066906,31.88789,1.572188,1.467402,761.526213
86.675,32.076975,31.899361,1.569493,1.453886,761.36599
87.709,32.059714,31.902978,1.57719,1.446002,761.640703
88.742,32.070581,31.888506,1.579597,1.442387,761.467735
89.771,32.059581,31.888927,1.573552,1.442952,761.642827
90.804,32.069434,31.903134,1.581127,1.445846,761.485988
91.834,32.060071,31.909418,1.574451,1.446756,761.635024
92.864,32.076221,31.902552,1.582325,1.446135,761.377992
93.894,32.079546,31.900144,1.578377,1.446523,761.325087
94.925,32.083351,31.905745,1.574406,1.446024,761.264556
95.956,32.074581,31.910452,1.583656,1.446013,761.40408
96.987,32.084457,31.912228,1.583734,1.447853,761.246966
98.018,32.078861,31.913984,1.583534,1.447598,761.335986
99.047,32.085801,31.907547,1.578943,1.4468,761.225582
100.08,32.075428,31.912724,1.576425,1.447099,761.390607
101.111,32.081699,31.911137,1.582669,1.447853,761.290841
102.141,32.083331,31.9173,1.576314,1.446124,761.264883
103.172,32.083954,31.914038,1.581859,1.4469,761.254965
104.204,32.08195,31.909916,1.581793,1.445802,761.286841
105.235,32.051516,31.931609,1.573586,1.445891,761.771244
106.266,32.075849,31.923365,1.58095,1.446656,761.383912
107.296,32.083323,31.917236,1.58207,1.446789,761.265005
108.327,32.07464,31.922919,1.576735,1.446811,761.403141
109.357,32.074271,31.91797,1.581549,1.445724,761.40902
110.388,32.086497,31.926902,1.576436,1.445048,761.214523
111.419,32.078976,31.919846,1.573231,1.444361,761.334149
112.452,32.065198,31.922701,1.571567,1.44486,761.553413
113.485,32.0875,31.916027,1.581904,1.445747,761.198567
114.515,32.079998,31.919176,1.577922,1.444837,761.317903
115.548,32.081468,31.926294,1.570402,1.445026,761.294514
116.578,32.088655,31.920088,1.576148,1.445037,761.180204
117.61,32.072038,31.917141,1.584577,1.446068,761.444542
118.644,32.085275,31.918224,1.583379,1.446556,761.233948
119.677,32.090582,31.918776,1.582547,1.447377,761.149561
120.707,32.109519,31.939707,1.585398,1.448774,760.848518
121.736,32.103385,31.923332,1.586496,1.449073,760.946013
122.767,32.098995,31.93135,1.582891,1.449816,761.015795
123.797,32.108331,31.929343,1.586152,1.449772,760.867395
124.829,32.108108,31.907059,1.582037,1.449106,760.870942
125.859,32.091988,31.92729,1.574617,1.44935,761.127203
126.892,32.095826,31.925534,1.577246,1.449228,761.066172
127.925,32.08477,31.929672,1.585786,1.449605,761.241987
128.955,32.104424,31.939168,1.578532,1.45108,760.929497
129.988,32.099051,31.948328,1.577955,1.449062,761.014898
131.021,32.115195,31.930937,1.575693,1.448774,760.758342
132.053,32.101986,31.938129,1.573175,1.448452,760.968239
133.087,32.114148,31.933814,1.586252,1.448774,760.774974
134.118,32.104,31.93656,1.583789,1.449195,760.936226
135.151,32.118073,31.939635,1.582913,1.448752,760.71261
136.181,32.111295,31.946516,1.587294,1.44904,760.820305
137.214,32.10468,31.931129,1.575438,1.449173,760.925419
138.245,32.113332,31.946624,1.581859,1.449495,760.787937
139.277,32.085175,31.941604,1.586274,1.450326,761.235539
140.308,32.09442,31.93646,1.585619,1.450847,761.088527
141.34,32.095349,31.95034,1.579963,1.44965,761.073759
142.369,32.093845,31.929844,1.584011,1.449661,761.097665
143.4,32.087998,31.944946,1.57668,1.449883,761.19065
144.432,32.117765,31.954852,1.57709,1.45016,760.717501
145.466,32.10855,31.954236,1.579963,1.449195,760.86393
146.5,32.118751,31.960458,1.585353,1.450437,760.70185
147.53,32.122943,31.941357,1.580939,1.451357,760.63526
148.563,32.112413,31.948185,1.587216,1.451113,760.802531
149.593,32.121237,31.951773,1.587061,1.451812,760.66236
