1.033,23.75219,23.711811,1.077306,0.947417,916.722241
2.093,23.731095,23.710921,1.079957,0.949214,917.179946
3.125,23.730978,23.707221,1.079125,0.947395,917.182496
4.172,23.7395,23.702863,1.078171,0.947351,916.997533
5.202,23.746305,23.704965,1.079724,0.947961,916.849901
6.233,23.739226,23.713887,1.078171,0.949336,917.003482
7.263,23.735466,23.731377,1.073701,0.947783,917.085077
8.292,23.73414,23.701022,1.081188,0.948948,917.113865
9.323,23.736012,23.707336,1.076252,0.948449,917.073234
10.358,23.742234,23.716621,1.076984,0.949668,916.938215
11.388,23.730615,23.714376,1.077594,0.947983,917.190374
12.42,23.740263,23.72205,1.083983,0.949291,916.980989
13.452,23.742485,23.722478,1.079413,0.949602,916.932776
14.483,23.734779,23.716274,1.079701,0.949158,917.099981
15.516,23.749182,23.720786,1.081554,0.949458,916.787483
16.547,23.729043,23.711563,1.075376,0.948072,917.224495
17.579,23.735654,23.714556,1.083872,0.94928,917.080997
18.612,23.72692,23.714861,1.076274,0.948925,917.270579
19.667,23.746916,23.718473,1.079069,0.948571,916.836647
20.696,23.737477,23.711357,1.082763,0.949591,917.041445
21.728,23.751514,23.698933,1.074256,0.948748,916.736909
22.758,23.737383,23.719893,1.082574,0.949369,917.043485
23.788,23.743373,23.721212,1.076574,0.948471,916.913515
24.819,23.735662,23.718648,1.0743,0.948903,917.080827
25.88,23.74889,23.726317,1.084493,0.949968,916.793827
26.911,23.74378,23.712877,1.081653,0.949702,916.904678
27.941,23.74091,23.707566,1.081088,0.949813,916.966938
28.975,23.743443,23.719943,1.077195,0.948471,916.911986
30.007,23.746592,23.717979,1.083883,0.950034,916.84367
31.039,23.724935,23.715958,1.094608,0.951975,917.313662
32.071,23.740438,23.722397,1.097791,0.955911,916.977193
33.104,23.751647,23.707691,1.103592,0.961223,916.73402
34.136,23.744634,23.716198,1.100109,0.96517,916.886154
35.167,23.739767,23.71073,1.09097,0.96568,916.991754
36.199,23.754624,23.720277,1.092545,0.965858,916.669464
37.227,23.74172,23.723565,1.088364,0.962365,916.949376
38.258,23.743629,23.713791,1.079713,0.957053,916.907963
39.291,23.742835,23.70821,1.083495,0.954403,916.925185
40.32,23.744728,23.710109,1.075354,0.951465,916.884115
41.355,23.75201,23.710814,1.076485,0.949081,916.726149
42.385,23.76535,23.715021,1.078071,0.94867,916.436896
43.417,23.749281,23.725163,1.074522,0.948426,916.785331
44.451,23.751678,23.717339,1.075675,0.948548,916.733341
45.483,23.753595,23.722455,1.0805,0.949813,916.691775
46.511,23.751018,23.724745,1.07908,0.94948,916.747669
47.543,23.748248,23.708647,1.083373,0.949868,916.80776
48.575,23.758075,23.723405,1.076618,0.947927,916.594611
49.607,23.755397,23.740038,1.078548,0.948948,916.652703
50.637,23.736806,23.736009,1.077594,0.948992,917.056007
51.668,23.738506,23.713595,1.077938,0.949557,917.01912
52.701,23.743558,23.718431,1.075897,0.948748,916.909493
53.732,23.736772,23.722742,1.085935,0.950666,917.056744
54.765,23.747475,23.71975,1.084149,0.950633,916.824525
55.798,23.739741,23.726121,1.083728,0.95152,916.99232
56.831,23.750754,23.729766,1.07979,0.951454,916.753389
57.863,23.739036,23.726627,1.086001,0.952063,917.007618
58.894,23.755647,23.732993,1.085602,0.952263,916.647267
59.927,23.74154,23.731933,1.087121,0.952363,916.953285
60.959,23.747592,23.728045,1.086656,0.953206,916.821976
61.991,23.737714,23.733644,1.079945,0.95172,917.036289
63.024,23.758167,23.716467,1.085524,0.952851,916.592629
64.055,23.757733,23.718823,1.077128,0.95223,916.602028
65.084,23.743438,23.727304,1.084604,0.952762,916.912099
66.117,23.757031,23.714248,1.086489,0.953316,916.617258
67.151,23.742333,23.725936,1.085258,0.95254,916.936062
68.181,23.754425,23.719248,1.078881,0.951332,916.673768
69.212,23.763741,23.731367,1.078881,0.951964,916.471764
70.243,23.762404,23.731134,1.086689,0.953217,916.500746
71.272,23.736991,23.728241,1.086223,0.952108,917.051984
72.304,23.749514,23.717172,1.080578,0.951664,916.78029
73.338,23.75307,23.738124,1.085957,0.952307,916.703157
74.37,23.747198,23.742012,1.079557,0.952185,916.830529
75.403,23.764561,23.738197,1.082696,0.952507,916.45399
76.432,23.761645,23.73027,1.079812,0.951443,916.51722
77.465,23.742205,23.722254,1.087365,0.95305,916.938838
78.495,23.763634,23.729022,1.081631,0.95182,916.474085
79.527,23.742409,23.736075,1.084105,0.952252,916.934419
80.559,23.755545,23.726463,1.084593,0.952063,916.649476
81.598,23.744879,23.730889,1.078038,0.951221,916.880829
82.628,23.756514,23.729656,1.079247,0.95223,916.628469
83.66,23.757023,23.734205,1.078814,0.951753,916.617428
84.693,23.745062,23.721651,1.086633,0.952452,916.876864
85.723,23.754595,23.734323,1.086323,0.952684,916.670087
86.758,23.75583,23.723403,1.081509,0.951332,916.643304
87.792,23.75795,23.712368,1.079679,0.952596,916.597328
88.822,23.76724,23.731962,1.08233,0.951265,916.395918
89.855,23.766,23.726528,1.079868,0.951742,916.422802
90.886,23.761287,23.731213,1.082563,0.952629,916.524975
91.916,23.761269,23.737177,1.086977,0.952939,916.525372
92.949,23.752605,23.734051,1.086312,0.953228,916.713237
93.982,23.754963,23.724492,1.082108,0.95274,916.662103
95.012,23.768522,23.73574,1.084981,0.952274,916.368129
96.044,23.755799,23.740258,1.08619,0.953494,916.643983
97.075,23.777817,23.727651,1.086278,0.951941,916.166688
98.104,23.764929,23.72904,1.079602,0.951431,916.446009
99.135,23.77407,23.739699,1.086168,0.953039,916.247878
100.169,23.755817,23.724356,1.079757,0.951964,916.643587
101.202,23.772527,23.737213,1.082618,0.951831,916.28132
102.234,23.759021,23.734751,1.079158,0.951021,916.574115
103.264,23.762506,23.731432,1.080178,0.951132,916.498539
104.297,23.75478,23.737231,1.077572,0.952185,916.666067
105.33,23.758838,23.728299,1.078071,0.952063,916.578078
106.361,23.763232,23.729145,1.080334,0.950855,916.482802
107.394,23.765556,23.738991,1.078027,0.951808,916.432425
108.428,23.766498,23.733322,1.085746,0.952784,916.411992
109.458,23.762389,23.731824,1.086667,0.952452,916.501086
110.493,23.750143,23.737942,1.083073,0.952341,916.766641
111.523,23.750571,23.731657,1.082707,0.952873,916.757353
112.553,23.768065,23.73004,1.081809,0.951431,916.378033
113.587,23.749916,23.728902,1.0865,0.952474,916.771569
114.619,23.75959,23.73756,1.0864,0.953139,916.561773
115.65,23.757825,23.743018,1.085635,0.953006,916.600046
116.682,23.756861,23.727836,1.084471,0.95274,916.620938
117.714,23.767102,23.742232,1.081243,0.952097,916.398918
118.744,23.761047,23.734338,1.086744,0.952873,916.530183
119.776,23.766535,23.728421,1.079568,0.952152,916.4112
120.805,23.750067,23.739177,1.087554,0.953017,916.768284
121.835,23.76648,23.745992,1.087909,0.95305,916.412388
122.866,23.759091,23.738367,1.085702,0.953272,916.572587
123.898,23.771138,23.737785,1.078171,0.952895,916.311424
124.927,23.77335,23.734215,1.078304,0.953217,916.263495
125.961,23.758804,23.737759,1.077616,0.952296,916.578815
126.991,23.760658,23.733576,1.087809,0.952939,916.538619
128.024,23.770718,23.745339,1.086423,0.953483,916.320535
129.059,23.762619,23.740662,1.084005,0.952596,916.496105
130.09,23.761809,23.733181,1.077106,0.952197,916.513653
131.123,23.764514,23.738338,1.077317,0.952063,916.455009
132.155,23.767438,23.740955,1.083772,0.952784,916.391617
133.186,23.767598,23.725951,1.087587,0.953128,916.388164
134.219,23.769854,23.72998,1.078592,0.951176,916.339267
135.251,23.760462,23.744198,1.077572,0.951287,916.542864
136.281,23.754156,23.749114,1.081509,0.952551,916.6796
137.313,23.745151,23.739621,1.077639,0.951975,916.874938
138.344,23.763196,23.72833,1.08772,0.952973,916.483594
139.373,23.764018,23.743529,1.084759,0.953771,916.465764
140.401,23.765731,23.745503,1.087443,0.953183,916.428632
141.437,23.746153,23.734709,1.077017,0.951975,916.853186
142.469,23.767679,23.740508,1.082141,0.953505,916.38641
143.5,23.781621,23.746067,1.083306,0.952906,916.084265
144.535,23.767676,23.751757,1.081099,0.951731,916.386466
145.566,23.768399,23.75137,1.087288,0.953616,916.370789
146.6,23.76594,23.734333,1.078692,0.951698,916.424104
147.632,23.761995,23.747647,1.077949,0.952097,916.509634
148.663,23.766791,23.742503,1.082097,0.951919,916.405653
149.695,23.763801,23.739576,1.083084,0.95233,916.470462
150.726,23.770073,23.749566,1.079868,0.952729,916.334513
151.76,23.771545,23.735871,1.078681,0.952241,916.302596
152.789,23.773493,23.738681,1.07928,0.951731,916.260383
153.819,23.767723,23.742279,1.082186,0.951664,916.385448
154.85,23.774454,23.753736,1.087099,0.953427,916.239561
155.878,23.781023,23.738547,1.083029,0.953583,916.097219
156.912,23.772094,23.741754,1.084038,0.952607,916.290713
157.944,23.767162,23.742182,1.082707,0.952429,916.397616
158.974,23.771047,23.741391,1.079613,0.952773,916.313405
160.008,23.770008,23.741051,1.07765,0.952396,916.335928
161.04,23.764412,23.748112,1.079158,0.953261,916.457216
162.073,23.771689,23.754242,1.084537,0.953838,916.299484
163.106,23.777122,23.740302,1.081476,0.95193,916.181737
164.136,23.787446,23.747321,1.086267,0.952219,915.958081
165.168,23.77212,23.742863,1.083306,0.952141,916.290147
166.198,23.77095,23.755344,1.080522,0.952141,916.315499
167.229,23.769042,23.756167,1.078703,0.952596,916.356867
168.262,23.77731,23.751746,1.081088,0.952452,916.177664
169.292,23.782388,23.744438,1.084604,0.952407,916.067635
170.321,23.772749,23.74389,1.078748,0.951919,916.27651
171.351,23.765287,23.762026,1.080866,0.952241,916.438255
172.381,23.766595,23.758621,1.087343,0.953682,916.409898
173.413,23.760799,23.749195,1.08741,0.954159,916.535562
174.444,23.75636,23.749216,1.087842,0.954082,916.63181
175.475,23.763981,23.753919,1.078692,0.952984,916.466556
176.506,23.760851,23.745164,1.079103,0.953383,916.534429
177.539,23.776947,23.762318,1.084881,0.952463,916.185528
178.572,23.766431,23.750874,1.076751,0.952518,916.413464
179.606,23.771989,23.741524,1.082652,0.95233,916.292977
