1.031,19.577774,19.604662,1.082463,0.980417,1014.462327
2.059,19.581064,19.601132,1.081421,0.978321,1014.379397
3.091,19.578238,19.600232,1.086578,0.979408,1014.450641
4.123,19.576826,19.593649,1.091314,0.978011,1014.486232
5.155,19.575214,19.596728,1.086034,0.980051,1014.526873
6.188,19.579167,19.59514,1.089861,0.981293,1014.427202
7.218,19.588481,19.606082,1.107995,0.984143,1014.19246
8.247,19.579692,19.59602,1.100519,0.98809,1014.413989
9.279,19.586548,19.596744,1.112243,0.994399,1014.241181
10.313,19.58875,19.60148,1.104468,0.996551,1014.18569
11.343,19.586656,19.60039,1.105965,0.998802,1014.238459
12.374,19.56782,19.592978,1.107085,1.000032,1014.713305
13.406,19.582257,19.595606,1.114771,1.00154,1014.349322
14.438,19.589485,19.602083,1.104945,0.999567,1014.167172
15.469,19.584486,19.608589,1.093343,0.995985,1014.293158
16.502,19.573609,19.61589,1.099898,0.992891,1014.567316
17.535,19.582028,19.60973,1.099455,0.988622,1014.355098
18.569,19.579352,19.609656,1.088807,0.98687,1014.422554
19.599,19.591948,19.602979,1.095273,0.985573,1014.105116
20.631,19.571871,19.609593,1.089129,0.985163,1014.611149
21.662,19.580018,19.612366,1.088907,0.984897,1014.405756
22.694,19.578406,19.61937,1.092789,0.984597,1014.446391
23.729,19.581817,19.600068,1.095717,0.985318,1014.360409
24.761,19.577342,19.606126,1.097869,0.985251,1014.473217
25.793,19.586203,19.611745,1.096149,0.984276,1014.249876
26.823,19.586277,19.617386,1.090859,0.985351,1014.248018
27.856,19.590309,19.612535,1.096482,0.984464,1014.146397
28.888,19.593312,19.601101,1.097924,0.985906,1014.07074
29.921,19.594861,19.603853,1.09229,0.98452,1014.03172
30.952,19.594297,19.613644,1.088685,0.985606,1014.04592
31.986,19.584293,19.61268,1.088985,0.985551,1014.298004
33.021,19.59377,19.590423,1.094142,0.98615,1014.059193
34.053,19.585442,19.607283,1.089839,0.985673,1014.269061
35.082,19.584085,19.607925,1.092234,0.986138,1014.303248
36.115,19.591942,19.605078,1.096072,0.987769,1014.105249
37.146,19.568533,19.602924,1.094075,0.989332,1014.695304
38.181,19.595488,19.60314,1.10337,0.990153,1014.015926
39.213,19.597516,19.614223,1.095606,0.990807,1013.964833
40.245,19.581996,19.606195,1.100331,0.990751,1014.355894
41.279,19.578991,19.596455,1.09392,0.990518,1014.431651
42.312,19.581849,19.609938,1.095761,0.989787,1014.359612
43.345,19.580171,19.601362,1.098811,0.989654,1014.401905
44.379,19.583163,19.59341,1.105388,0.990862,1014.326484
45.409,19.602571,19.597714,1.1049,0.991827,1013.837515
46.438,19.581912,19.62706,1.107152,0.993257,1014.358019
47.47,19.582884,19.602623,1.096582,0.992747,1014.333521
48.5,19.583851,19.609011,1.097247,0.992858,1014.309157
49.532,19.584852,19.597737,1.097835,0.993235,1014.28393
50.564,19.581082,19.599218,1.098046,0.993712,1014.378932
51.596,19.576436,19.598609,1.099066,0.993268,1014.49606
52.626,19.590615,19.608302,1.10571,0.994566,1014.138698
53.658,19.578206,19.608913,1.105333,0.994976,1014.451438
54.69,19.582955,19.609292,1.102305,0.994399,1014.331728
55.721,19.584599,19.603361,1.097991,0.995043,1014.290303
56.753,19.567754,19.597985,1.108106,0.993645,1014.714966
57.784,19.580218,19.586761,1.108405,0.994189,1014.40071
58.816,19.584414,19.591471,1.107152,0.99359,1014.29495
59.846,19.577824,19.591921,1.109137,0.994422,1014.461066
60.879,19.581451,19.596863,1.098523,0.994167,1014.369637
61.912,19.585637,19.589511,1.10561,0.993302,1014.264148
62.943,19.591071,19.587628,1.107274,0.994699,1014.127217
63.975,19.589169,19.591945,1.10835,0.9943,1014.175136
65.007,19.591837,19.596278,1.099011,0.994898,1014.107904
66.039,19.583108,19.587736,1.098589,0.993701,1014.327878
67.073,19.568099,19.596075,1.106442,0.994067,1014.706264
68.104,19.577221,19.585044,1.098323,0.994144,1014.476272
69.136,19.574821,19.610762,1.107107,0.994122,1014.536767
70.168,19.576354,19.614982,1.100098,0.993767,1014.498119
71.199,19.568768,19.613933,1.108904,0.9941,1014.689392
72.23,19.575943,19.603917,1.107385,0.993612,1014.508478
73.263,19.571118,19.593813,1.10856,0.994255,1014.630145
74.294,19.574523,19.607359,1.108283,0.993246,1014.544272
75.327,19.575856,19.601032,1.108205,0.993978,1014.510669
76.359,19.565657,19.589927,1.098301,0.993889,1014.767843
77.389,19.570638,19.589806,1.098601,0.994277,1014.642233
78.422,19.57706,19.598606,1.109392,0.995109,1014.480322
79.455,19.570836,19.603608,1.099044,0.99502,1014.637251
80.489,19.578577,19.597611,1.09839,0.993557,1014.442075
81.518,19.587275,19.606408,1.109559,0.995464,1014.22286
82.553,19.581159,19.599381,1.108693,0.993468,1014.377007
83.582,19.576428,19.599091,1.104368,0.995087,1014.496259
84.613,19.586759,19.59051,1.108516,0.993457,1014.23587
85.644,19.591882,19.577023,1.100386,0.993024,1014.106776
86.674,19.584673,19.588866,1.108716,0.993989,1014.288445
87.704,19.596939,19.573417,1.106642,0.993812,1013.979364
88.738,19.570854,19.608784,1.102904,0.992481,1014.636786
89.767,19.584923,19.583392,1.108117,0.992803,1014.282138
90.797,19.599128,19.596726,1.108106,0.993923,1013.924227
91.83,19.577532,19.588437,1.104301,0.994011,1014.468436
92.864,19.577914,19.585547,1.108937,0.993069,1014.458808
93.898,19.588816,19.601549,1.100486,0.992548,1014.18403
94.932,19.588761,19.59706,1.106741,0.992692,1014.185424
95.965,19.574265,19.59868,1.1051,0.993778,1014.55078
96.994,19.578114,19.596879,1.10988,0.993834,1014.453762
98.027,19.590781,19.599247,1.108738,0.993845,1014.134517
99.058,19.586076,19.599089,1.099743,0.99349,1014.253063
100.093,19.584314,19.588671,1.109991,0.993324,1014.297473
101.125,19.564008,19.594089,1.109969,0.993701,1014.809431
102.155,19.586348,19.589972,1.109559,0.993989,1014.246226
103.187,19.58497,19.603969,1.109193,0.993956,1014.280943
104.219,19.578151,19.587873,1.10998,0.994932,1014.452832
105.252,19.576452,19.591774,1.100042,0.994411,1014.495662
106.285,19.584051,19.611884,1.106974,0.993989,1014.304111
107.319,19.587778,19.61151,1.102238,0.993701,1014.210182
108.349,19.576889,19.604154,1.109281,0.993823,1014.484639
109.38,19.591347,19.633814,1.10419,0.99349,1014.120248
110.41,19.583319,19.603674,1.108583,0.994621,1014.322567
111.442,19.58948,19.60192,1.106897,0.99308,1014.167304
112.471,19.590652,19.606029,1.101728,0.992969,1014.137769
113.502,19.590765,19.609954,1.102837,0.994178,1014.134915
114.535,19.588084,19.590963,1.102105,0.993246,1014.202483
115.565,19.583464,19.594621,1.110013,0.994388,1014.318916
116.599,19.589617,19.602974,1.109769,0.994399,1014.163853
117.634,19.594202,19.602305,1.105067,0.994788,1014.048309
118.665,19.58094,19.589509,1.109259,0.993778,1014.382518
119.696,19.601844,19.608415,1.109891,0.994433,1013.855825
120.728,19.590834,19.601127,1.11039,0.994788,1014.13319
121.757,19.592751,19.591829,1.10337,0.992137,1014.084875
122.789,19.586253,19.589517,1.110523,0.993191,1014.248615
123.82,19.586622,19.604475,1.10764,0.993313,1014.239322
124.851,19.579902,19.586182,1.105155,0.993612,1014.408677
125.883,19.582049,19.607143,1.110191,0.994277,1014.354566
126.913,19.585349,19.599779,1.105366,0.993912,1014.271384
127.945,19.585044,19.604699,1.100253,0.994155,1014.279084
128.977,19.581119,19.611855,1.110867,0.995342,1014.378003
130.009,19.566721,19.597587,1.104601,0.994366,1014.741005
131.041,19.584496,19.608668,1.106087,0.994233,1014.292892
132.072,19.576415,19.600445,1.109259,0.993568,1014.496591
133.106,19.58841,19.604628,1.099344,0.99471,1014.194252
134.14,19.577977,19.606245,1.108605,0.994111,1014.457214
135.17,19.577545,19.613986,1.104789,0.992459,1014.468104
136.202,19.590633,19.601409,1.10561,0.991805,1014.138234
137.234,19.587944,19.594998,1.09849,0.99247,1014.206
138.268,19.594031,19.598159,1.10439,0.993468,1014.052623
139.298,19.584388,19.593636,1.10998,0.993912,1014.295614
140.331,19.585278,19.616296,1.110546,0.9942,1014.273176
141.36,19.59125,19.597814,1.109315,0.991771,1014.122704
142.396,19.584417,19.600682,1.107485,0.994499,1014.294884
143.428,19.569803,19.600363,1.110901,0.994577,1014.663288
144.458,19.581383,19.590436,1.11201,0.995087,1014.371364
145.491,19.590549,19.58933,1.108904,0.994632,1014.140358
146.522,19.574257,19.599931,1.109204,0.994987,1014.550979
147.555,19.569995,19.607673,1.104723,0.993801,1014.658439
148.586,19.585299,19.604672,1.10805,0.993712,1014.272645
149.621,19.577115,19.59292,1.10622,0.99491,1014.478928
150.653,19.581562,19.606548,1.110756,0.993612,1014.366849
151.687,19.578238,19.600074,1.100664,0.993169,1014.450641
152.723,19.590038,19.596734,1.102527,0.993036,1014.153234
153.754,19.583255,19.580966,1.107595,0.99369,1014.32416
154.785,19.580724,19.596865,1.111843,0.995043,1014.387962
155.817,19.579281,19.597561,1.106575,0.994998,1014.424347
156.85,19.581285,19.595161,1.112398,0.995176,1014.37382
157.881,19.568826,19.587939,1.102704,0.994887,1014.687931
158.913,19.571592,19.592145,1.10164,0.994732,1014.618189
159.945,19.569595,19.601962,1.112243,0.995763,1014.668535
160.978,19.570443,19.596908,1.100664,0.993634,1014.647148
162.013,19.571423,19.590438,1.112165,0.995675,1014.62244
163.045,19.588766,19.602484,1.101906,0.994921,1014.185291
164.08,19.567814,19.597966,1.102604,0.994555,1014.713438
165.11,19.558152,19.607562,1.101817,0.995242,1014.957133
166.144,19.571871,19.590602,1.105621,0.994377,1014.611149
167.173,19.572058,19.594713,1.109348,0.994011,1014.606434
168.204,19.572798,19.591971,1.103636,0.993956,1014.587771
169.237,19.571629,19.599505,1.111932,0.994422,1014.61726
170.269,19.573949,19.59749,1.109581,0.994666,1014.558749
171.303,19.584575,19.600571,1.101506,0.993923,1014.290901
172.335,19.587064,19.610383,1.109303,0.994034,1014.22817
173.367,19.577426,19.615772,1.105987,0.99502,1014.471092
174.399,19.585139,19.592801,1.110335,0.994311,1014.276695
175.431,19.578135,19.595011,1.101961,0.993313,1014.45323
176.463,19.568141,19.599718,1.1112,0.994921,1014.705201
177.494,19.563916,19.597603,1.10368,0.993668,1014.811756
178.527,19.57155,19.593797,1.101606,0.994211,1014.619252
179.558,19.588913,19.594937,1.102804,0.993878,1014.181574
180.59,19.582713,19.596078,1.108294,0.995475,1014.337836
181.62,19.574811,19.608186,1.106797,0.994211,1014.537033
182.652,19.577297,19.601754,1.107939,0.993368,1014.474346
183.689,19.576694,19.601978,1.103802,0.993867,1014.489552
184.719,19.578988,19.59735,1.105544,0.993401,1014.431717
185.75,19.568489,19.59174,1.110967,0.994133,1014.696433
186.782,19.579273,19.591532,1.103603,0.99318,1014.424546
187.812,19.590512,19.595757,1.112853,0.99471,1014.141287
188.846,19.573491,19.58761,1.10358,0.993379,1014.570305
189.879,19.575614,19.608708,1.107618,0.993357,1014.516779
190.908,19.582647,19.594648,1.110479,0.994022,1014.339496
191.941,19.575532,19.595757,1.103858,0.993113,1014.518837
192.972,19.575556,19.58934,1.106508,0.994433,1014.51824
194.003,19.582434,19.601285,1.102505,0.994178,1014.344873
195.036,19.579844,19.609835,1.112442,0.994311,1014.410138
196.068,19.584378,19.592082,1.10439,0.994666,1014.29588
197.101,19.584883,19.596302,1.108272,0.993158,1014.283134
198.132,19.584791,19.602402,1.111688,0.994732,1014.285457
199.164,19.579162,19.603548,1.107185,0.992781,1014.427335
200.194,19.577695,19.602073,1.105344,0.993501,1014.464319
201.225,19.584554,19.60477,1.106353,0.992049,1014.291432
202.259,19.584781,19.612693,1.111045,0.993767,1014.285723
203.29,19.580482,19.601235,1.108327,0.991871,1014.39407
204.32,19.589227,19.60178,1.106642,0.992248,1014.173676
205.351,19.59508,19.596663,1.101506,0.992481,1014.026212
206.385,19.583203,19.604425,1.110734,0.994144,1014.325488
207.418,19.588913,19.612503,1.113019,0.993978,1014.181574
208.449,19.579549,19.600935,1.107662,0.992525,1014.417574
209.482,19.592907,19.588471,1.098745,0.992625,1014.08096
210.512,19.602049,19.605028,1.106375,0.992437,1013.850651
211.543,19.587388,19.594411,1.091314,0.989299,1014.220006
212.577,19.585023,19.6122,1.100264,0.986937,1014.279616
213.611,19.585589,19.607849,1.095118,0.984908,1014.265343
214.641,19.605386,19.604233,1.090072,0.983366,1013.766602
215.674,19.595807,19.583906,1.085668,0.981049,1014.007897
216.706,19.588055,19.602718,1.092223,0.980783,1014.203213
217.735,19.588516,19.588055,1.087465,0.977567,1014.191597
218.766,19.580803,19.598854,1.090615,0.976236,1014.38597
219.799,19.601064,19.594698,1.084692,0.975372,1013.875463
220.829,19.590323,19.598441,1.093044,0.976092,1014.146066
221.863,19.594237,19.612522,1.087953,0.974174,1014.047447
222.895,19.607177,19.61155,1.091513,0.97495,1013.721497
223.928,19.589883,19.612098,1.081787,0.974052,1014.157149
224.959,19.608413,19.625925,1.094464,0.97566,1013.69039
225.992,19.59636,19.607628,1.097669,0.976103,1013.993962
227.025,19.599631,19.599333,1.100996,0.977889,1013.911554
228.057,19.593425,19.614028,1.094464,0.981592,1014.067886
229.09,19.596397,19.613736,1.092257,0.982036,1013.993033
230.119,19.583024,19.622438,1.096127,0.984065,1014.330002
231.152,19.585492,19.608676,1.102749,0.985662,1014.267799
232.185,19.596736,19.624619,1.102061,0.985617,1013.984474
233.216,19.592561,19.610301,1.097979,0.984686,1014.089653
234.248,19.594292,19.61584,1.096416,0.985418,1014.046053
235.278,19.586946,19.618645,1.105621,0.986116,1014.231157
236.311,19.578878,19.609224,1.0987,0.988245,1014.434506
237.343,19.59302,19.606474,1.100286,0.989576,1014.078106
238.374,19.582686,19.612867,1.102926,0.989576,1014.3385
239.405,19.593291,19.61932,1.096571,0.989842,1014.071271
240.435,19.5911,19.615456,1.106985,0.988955,1014.126487
241.464,19.588555,19.618774,1.109237,0.990585,1014.190601
242.496,19.5725,19.621406,1.115703,0.994255,1014.595276
243.528,19.576894,19.597632,1.119873,0.997449,1014.484506
244.562,19.578622,19.600743,1.121559,0.999888,1014.440946
245.592,19.581575,19.605637,1.12116,1.001884,1014.366517
246.623,19.576986,19.58905,1.122225,1.003015,1014.482182
247.653,19.592119,19.605376,1.115714,1.003026,1014.100803
248.683,19.570172,19.598333,1.120084,1.002306,1014.653989
249.715,19.561956,19.5942,1.110291,1.00133,1014.861186
250.748,19.585658,19.610017,1.109869,1.001585,1014.263617
251.781,19.596836,19.60079,1.109947,1.002627,1013.981952
252.813,19.575535,19.597266,1.120993,1.002139,1014.518771
253.845,19.583914,19.587828,1.115991,1.002117,1014.307563
254.874,19.574007,19.576636,1.113585,1.000299,1014.557288
255.91,19.582115,19.595951,1.112265,1.001252,1014.352907
256.943,19.573011,19.593926,1.114161,0.999678,1014.582392
257.974,19.570783,19.59937,1.103714,0.996917,1014.63858
259.008,19.579465,19.594903,1.113341,0.996262,1014.419699
260.041,19.588811,19.588339,1.110202,0.994366,1014.184163
261.075,19.572817,19.589042,1.104978,0.993135,1014.587306
262.11,19.574018,19.603197,1.097702,0.992459,1014.557022
263.14,19.580948,19.584696,1.097503,0.990031,1014.382318
264.172,19.572637,19.581988,1.107285,0.988267,1014.591822
265.205,19.585065,19.596802,1.105588,0.988822,1014.278553
266.238,19.568926,19.584372,1.10713,0.98758,1014.685407
267.274,19.563147,19.605207,1.097325,0.987647,1014.831155
268.307,19.583521,19.579947,1.106187,0.98921,1014.317455
269.341,19.571871,19.600424,1.103004,0.98768,1014.611149
270.375,19.573912,19.59347,1.098634,0.986216,1014.559679
271.41,19.574984,19.593431,1.105144,0.987558,1014.53265
272.442,19.591758,19.596886,1.099876,0.98829,1014.109895
273.473,19.583624,19.587415,1.096493,0.98758,1014.314866
278.994,19.593402,19.599434,1.105,0.987868,1014.068483
280.024,19.590146,19.583097,1.102372,0.98636,1014.150512
281.057,19.577042,19.605631,1.100896,0.98748,1014.480787
282.089,19.598188,19.596876,1.097159,0.985251,1013.947914
283.122,19.589809,19.588768,1.095917,0.985861,1014.159008
284.156,19.587523,19.595696,1.104934,0.985728,1014.216621
285.188,19.593834,19.592243,1.105721,0.986405,1014.0576
286.221,19.588821,19.600827,1.105876,0.986893,1014.183898
287.252,19.597822,19.604435,1.106065,0.986216,1013.957136
288.288,19.587876,19.607185,1.095229,0.986416,1014.207726
289.321,19.590496,19.605502,1.096815,0.984176,1014.141685
290.355,19.579365,19.604022,1.103248,0.986615,1014.422222
291.386,19.58565,19.598738,1.096072,0.984619,1014.263816
292.42,19.573499,19.608136,1.101717,0.984708,1014.570105
293.455,19.597047,19.595743,1.100164,0.985518,1013.976644
294.488,19.588842,19.614323,1.095173,0.986183,1014.183367
295.52,19.579009,19.614413,1.103137,0.985961,1014.431186
296.553,19.57947,19.607362,1.106719,0.987136,1014.419566
297.586,19.603511,19.615582,1.094929,0.986504,1013.813833
298.617,19.592122,19.603511,1.104412,0.986538,1014.100736
299.649,19.598098,19.603132,1.102294,0.985573,1013.950169
300.684,19.582578,19.608176,1.095917,0.983111,1014.341222
301.716,19.590562,19.600508,1.090626,0.984131,1014.140026
302.747,19.590673,19.616507,1.095373,0.98412,1014.137238
303.781,19.58659,19.609767,1.097813,0.982601,1014.240119
304.816,19.587944,19.61475,1.087365,0.982191,1014.206
305.846,19.5914,19.603108,1.094907,0.979131,1014.118921
306.879,19.581725,19.606421,1.086234,0.979075,1014.362733
307.911,19.597255,19.604175,1.096637,0.978399,1013.971402
308.942,19.598873,19.614576,1.093277,0.977545,1013.930663
309.974,19.572471,19.605273,1.091658,0.978754,1014.596007
311.011,19.567775,19.618295,1.094929,0.977611,1014.714434
312.046,19.588853,19.617687,1.096771,0.978099,1014.183101
313.079,19.584583,19.613017,1.093554,0.978532,1014.290702
314.113,19.577395,19.616528,1.096138,0.979097,1014.471889
315.144,19.59475,19.616865,1.086278,0.978554,1014.034507
316.176,19.598525,19.611342,1.09575,0.97739,1013.939421
317.207,19.602334,19.61358,1.095639,0.977611,1013.843486
318.241,19.608974,19.621356,1.093776,0.978,1013.676263
319.271,19.600519,19.594908,1.096127,0.979086,1013.889196
320.304,19.604198,19.597482,1.096515,0.979519,1013.796519
321.334,19.590752,19.601952,1.089517,0.978354,1014.135247
322.367,19.588257,19.608473,1.097702,0.978842,1014.198102
323.4,19.5882,19.603906,1.095251,0.981171,1014.199562
324.432,19.580221,19.591882,1.098368,0.984542,1014.400643
325.466,19.590892,19.591455,1.107895,0.987347,1014.13173
326.496,19.581654,19.614307,1.097436,0.990042,1014.364525
327.53,19.589767,19.612034,1.107706,0.988323,1014.16007
328.563,19.592561,19.597505,1.097691,0.989321,1014.089653
329.594,19.574273,19.617536,1.098589,0.990108,1014.550581
330.625,19.589754,19.618751,1.107418,0.988988,1014.160402
331.658,19.588229,19.600466,1.097392,0.98911,1014.198832
332.687,19.588355,19.573538,1.097935,0.989399,1014.195646
333.719,19.577684,19.601246,1.098978,0.989022,1014.464585
334.749,19.588566,19.595411,1.103669,0.990496,1014.190336
335.783,19.595757,19.59244,1.104379,0.9887,1014.009158
336.813,19.562836,19.597182,1.096948,0.99023,1014.838995
337.845,19.60345,19.60167,1.103991,0.988645,1013.815358
338.878,19.597039,19.615019,1.102427,0.988511,1013.976843
339.909,19.584849,19.585571,1.097769,0.988722,1014.283997
340.941,19.575229,19.594861,1.097148,0.989432,1014.526474
341.972,19.571125,19.594063,1.102948,0.988012,1014.629945
343.004,19.596136,19.595401,1.105244,0.989332,1013.999603
344.038,19.582523,19.59175,1.098146,0.98982,1014.342616
345.069,19.579125,19.58679,1.096626,0.991151,1014.428264
346.102,19.577068,19.612237,1.09748,0.987347,1014.480123
347.132,19.579586,19.604973,1.105799,0.990241,1014.416645
348.165,19.577363,19.587275,1.098002,0.989044,1014.472686
349.196,19.572919,19.601204,1.100996,0.988279,1014.584716
350.228,19.565781,19.616725,1.097913,0.988711,1014.764721
351.26,19.576852,19.584849,1.099488,0.988534,1014.485568
352.29,19.584957,19.593504,1.108072,0.988057,1014.281275
353.322,19.572951,19.606335,1.107407,0.989199,1014.583919
354.355,19.574065,19.586055,1.096005,0.989365,1014.555827
355.388,19.567224,19.589643,1.096393,0.989576,1014.728318
356.419,19.57038,19.6033,1.095063,0.988434,1014.648742
357.45,19.590823,19.607899,1.107584,0.987691,1014.133455
358.488,19.589006,19.610196,1.096748,0.987935,1014.179251
359.519,19.574837,19.603032,1.096016,0.987935,1014.536369
360.549,19.57573,19.590162,1.10236,0.988534,1014.513857
361.581,19.582199,19.603561,1.096737,0.98829,1014.350782
362.612,19.588344,19.582334,1.107363,0.9885,1014.195911
363.648,19.576143,19.612859,1.107351,0.987957,1014.503431
364.683,19.590075,19.592027,1.105011,0.988212,1014.152304
365.715,19.605023,19.597184,1.10063,0.98799,1013.775756
366.745,19.584883,19.609809,1.107462,0.988245,1014.283134
367.775,19.593091,19.605874,1.099288,0.988079,1014.076314
368.808,19.583982,19.619162,1.106675,0.988412,1014.305837
369.84,19.595656,19.598873,1.106331,0.986915,1014.011679
370.871,19.59125,19.604715,1.106131,0.988467,1014.122704
371.901,19.581038,19.593697,1.101362,0.98921,1014.380061
372.933,19.582004,19.594571,1.107429,0.988157,1014.355695
373.967,19.579317,19.596518,1.105078,0.987547,1014.423417
374.999,19.582679,19.59789,1.103725,0.987203,1014.338699
376.029,19.590915,19.603316,1.106786,0.98738,1014.131132
377.063,19.587868,19.593699,1.097758,0.988611,1014.207925
378.094,19.571897,19.588431,1.096438,0.986593,1014.610485
379.125,19.581788,19.593304,1.103525,0.987791,1014.361139
380.158,19.580774,19.584341,1.095717,0.988179,1014.3867
381.192,19.569021,19.60403,1.102083,0.988866,1014.683015
382.222,19.582974,19.598014,1.09666,0.987647,1014.331264
383.254,19.582407,19.603082,1.096393,0.987081,1014.345537
384.287,19.574176,19.594763,1.099333,0.986915,1014.553038
385.321,19.564155,19.600877,1.101562,0.987591,1014.80571
386.353,19.584433,19.623831,1.099854,0.989243,1014.294486
387.386,19.574078,19.610414,1.10673,0.98962,1014.555495
388.416,19.576675,19.601167,1.103092,0.989676,1014.490017
389.451,19.577582,19.601609,1.106398,0.990164,1014.467175
390.482,19.579757,19.60581,1.107063,0.990241,1014.412329
391.517,19.574442,19.602671,1.104889,0.988811,1014.54633
392.55,19.583487,19.607699,1.098456,0.990441,1014.318318
393.584,19.581198,19.596059,1.103137,0.989321,1014.376011
394.62,19.577276,19.603564,1.104812,0.989864,1014.474877
395.651,19.588682,19.603282,1.100974,0.990663,1014.187415
396.686,19.585223,19.609295,1.100475,0.989354,1014.27457
397.719,19.578625,19.600914,1.107873,0.990596,1014.44088
398.75,19.597355,19.607862,1.103325,0.990252,1013.968881
399.783,19.582268,19.615437,1.097702,0.989997,1014.349056
400.813,19.597856,19.615221,1.101218,0.990064,1013.956274
401.844,19.571125,19.603827,1.099521,0.991406,1014.629945
402.874,19.588244,19.61622,1.100042,0.991494,1014.198434
403.905,19.589077,19.596154,1.09809,0.99155,1014.177459
404.938,19.578409,19.596354,1.108405,0.991339,1014.446325
405.97,19.580656,19.608568,1.101129,0.992082,1014.389688
407.002,19.581488,19.606677,1.102017,0.992115,1014.368708
408.035,19.591987,19.613328,1.103137,0.992426,1014.104121
409.064,19.587552,19.602194,1.108327,0.991794,1014.215891
410.098,19.580332,19.597758,1.106309,0.993047,1014.397855
411.129,19.572851,19.607865,1.106764,0.991938,1014.586443
412.161,19.577039,19.608434,1.098268,0.992404,1014.480854
413.191,19.582199,19.602945,1.104091,0.992492,1014.350782
414.223,19.58772,19.60807,1.102904,0.990962,1014.211642
415.253,19.586092,19.609735,1.099144,0.990718,1014.252664
416.286,19.585955,19.615379,1.106764,0.991938,1014.256116
417.321,19.599499,19.613607,1.097203,0.991494,1013.914872
418.354,19.587699,19.609095,1.106342,0.991195,1014.212173
419.389,19.588861,19.591824,1.10815,0.991261,1014.182902
420.418,19.592222,19.605502,1.109459,0.99094,1014.098214
421.452,19.596478,19.596929,1.107873,0.990563,1013.990976
422.483,19.593718,19.59882,1.103181,0.990652,1014.06052
423.515,19.573204,19.604275,1.103813,0.990275,1014.577544
424.546,19.587349,19.598225,1.109658,0.991539,1014.221002
425.577,19.583469,19.604894,1.107806,0.992193,1014.318783
426.608,19.572105,19.611792,1.106797,0.991339,1014.605238
427.639,19.580664,19.611252,1.10927,0.991206,1014.389489
428.672,19.586385,19.620479,1.098412,0.990618,1014.245296
429.7,19.572255,19.604499,1.101384,0.990729,1014.601453
430.733,19.58595,19.604304,1.097325,0.989532,1014.256249
431.765,19.589922,19.615158,1.096416,0.989676,1014.156154
432.798,19.574655,19.608247,1.103858,0.989509,1014.540951
433.831,19.583045,19.617402,1.103115,0.990785,1014.329471
434.864,19.572311,19.621234,1.09992,0.990286,1014.600058
435.9,19.578988,19.61534,1.101839,0.990141,1014.431717
436.929,19.575166,19.590251,1.108205,0.990563,1014.528068
437.962,19.578288,19.605102,1.106952,0.990075,1014.449379
438.996,19.571879,19.611026,1.102383,0.990019,1014.61095
440.027,19.57765,19.602568,1.105122,0.990785,1014.465448
441.057,19.563186,19.603748,1.108583,0.991239,1014.830159
442.089,19.57455,19.601501,1.10022,0.990618,1014.543608
443.122,19.576828,19.596423,1.105466,0.991139,1014.486166
444.155,19.572898,19.600632,1.103425,0.989809,1014.585248
445.186,19.580613,19.596918,1.108294,0.991683,1014.39075
446.216,19.565512,19.572782,1.098612,0.989321,1014.771497
447.246,19.564798,19.586796,1.100065,0.99176,1014.7895
448.28,19.570896,19.604759,1.098412,0.991029,1014.635724
449.312,19.572369,19.610209,1.108194,0.991017,1014.598597
450.346,19.568676,19.602737,1.097347,0.990718,1014.691717
451.378,19.580642,19.605692,1.105233,0.99084,1014.39002
452.41,19.577956,19.605373,1.108782,0.991328,1014.457746
453.44,19.573694,19.57922,1.10124,0.991882,1014.565191
454.473,19.576433,19.602162,1.098124,0.990751,1014.496126
455.505,19.583532,19.600608,1.099721,0.991051,1014.31719
456.535,19.580063,19.5914,1.099166,0.990596,1014.404627
457.566,19.575735,19.595056,1.102039,0.992437,1014.513724
458.596,19.572097,19.613349,1.110357,0.991949,1014.605438
459.628,19.567464,19.598024,1.110224,0.992148,1014.722273
460.66,19.583166,19.598949,1.101673,0.991106,1014.326417
461.694,19.584578,19.597969,1.101396,0.99094,1014.290834
462.727,19.587004,19.611107,1.098534,0.990241,1014.229697
463.759,19.583693,19.59253,1.100386,0.992026,1014.31314
464.792,19.582476,19.594229,1.1048,0.99053,1014.343811
465.825,19.572414,19.58914,1.098567,0.990818,1014.597468
466.857,19.570883,19.595733,1.099211,0.990419,1014.636056
467.889,19.571197,19.612374,1.104945,0.99064,1014.628152
468.921,19.570132,19.606163,1.108982,0.991173,1014.654985
469.953,19.585526,19.588737,1.101573,0.991117,1014.266936
470.983,19.573396,19.603793,1.107363,0.991073,1014.572695
472.014,19.586221,19.589727,1.105233,0.991295,1014.249412
473.047,19.580274,19.60108,1.108738,0.992282,1014.399315
474.076,19.583819,19.604399,1.109359,0.991827,1014.309953
475.109,19.585039,19.601823,1.109448,0.992015,1014.279217
476.14,19.587262,19.589029,1.102948,0.993357,1014.223192
477.176,19.569922,19.606471,1.104812,0.990141,1014.660299
478.207,19.587939,19.600221,1.10581,0.990297,1014.206133
479.241,19.584438,19.607096,1.101983,0.991328,1014.294353
480.272,19.589395,19.608987,1.101895,0.989498,1014.169428
481.304,19.582331,19.604999,1.0987,0.991195,1014.347463
482.336,19.592066,19.605326,1.098456,0.990829,1014.10213
483.369,19.585197,19.600953,1.101285,0.990053,1014.275234
484.4,19.596663,19.597484,1.098434,0.991117,1013.986332
485.434,19.57898,19.61421,1.098068,0.990574,1014.431916
486.464,19.592704,19.607638,1.106597,0.991672,1014.08607
487.494,19.582268,19.598886,1.109026,0.992215,1014.349056
488.525,19.597645,19.597455,1.106608,0.991649,1013.961582
489.555,19.576762,19.615403,1.102937,0.99023,1014.487826
490.585,19.581175,19.614616,1.097059,0.991616,1014.376609
491.616,19.601912,19.603769,1.103148,0.988833,1013.8541
492.649,19.587473,19.61884,1.107706,0.99074,1014.217882
493.682,19.59798,19.613833,1.09727,0.991783,1013.953155
494.712,19.588866,19.61948,1.102205,0.992004,1014.182769
495.744,19.58698,19.617681,1.105699,0.990507,1014.230295
496.779,19.588055,19.618677,1.105499,0.989598,1014.203213
497.811,19.575279,19.61653,1.101917,0.99074,1014.525212
498.843,19.594171,19.598946,1.10815,0.991162,1014.049106
499.876,19.574141,19.616304,1.098401,0.990962,1014.553901
500.908,19.587272,19.614473,1.101651,0.990607,1014.222927
501.942,19.571341,19.602758,1.098124,0.990607,1014.624499
502.973,19.58747,19.610204,1.106442,0.991561,1014.217948
504.004,19.585384,19.616209,1.097747,0.99216,1014.270521
505.037,19.58845,19.620721,1.103115,0.990252,1014.193256
506.068,19.588732,19.608249,1.108183,0.991239,1014.186154
507.1,19.580856,19.604554,1.10083,0.991195,1014.384642
508.132,19.585263,19.614937,1.10744,0.991017,1014.273575
509.165,19.589556,19.614853,1.107351,0.990995,1014.16538
510.195,19.592477,19.625011,1.103946,0.990785,1014.091777
511.227,19.580392,19.612648,1.108949,0.991472,1014.396328
512.26,19.589087,19.619596,1.101085,0.991572,1014.177194
513.289,19.57033,19.601788,1.105333,0.989443,1014.650004
514.326,19.58482,19.605486,1.10063,0.99155,1014.284727
515.36,19.573478,19.6086,1.09829,0.990973,1014.570637
516.394,19.574826,19.613146,1.106442,0.990663,1014.536635
517.425,19.582065,19.593554,1.100996,0.990663,1014.354168
518.458,19.588987,19.601262,1.105765,0.991372,1014.179716
519.489,19.574547,19.598678,1.108472,0.991195,1014.543674
520.518,19.569353,19.617381,1.108327,0.989986,1014.674646
521.551,19.578101,19.584017,1.10896,0.989787,1014.454094
522.583,19.580721,19.613899,1.104368,0.991727,1014.388028
523.614,19.583266,19.60039,1.10957,0.991694,1014.323895
524.647,19.581978,19.596231,1.108771,0.991029,1014.356359
525.677,19.583353,19.601862,1.108316,0.99125,1014.321704
526.71,19.581356,19.615977,1.106198,0.990762,1014.372027
527.744,19.569711,19.608212,1.108583,0.990729,1014.665613
528.776,19.578277,19.619064,1.09992,0.990496,1014.449645
529.807,19.576104,19.612516,1.098978,0.990984,1014.504427
530.841,19.579444,19.60934,1.106764,0.99084,1014.42023
531.872,19.584346,19.605434,1.10622,0.990918,1014.296676
532.903,19.585344,19.597108,1.099976,0.990918,1014.271517
533.936,19.579004,19.593894,1.10673,0.990119,1014.431319
534.967,19.577484,19.612996,1.100697,0.991117,1014.469631
535.999,19.566244,19.608481,1.107717,0.990097,1014.753029
537.029,19.58791,19.629736,1.105599,0.98982,1014.206863
538.063,19.58104,19.603498,1.107185,0.99043,1014.379995
539.097,19.561716,19.598596,1.104434,0.989798,1014.867232
540.127,19.572403,19.593207,1.100253,0.99013,1014.597733
541.159,19.576275,19.59652,1.108937,0.990751,1014.500111
542.19,19.569642,19.59165,1.102105,0.991295,1014.66734
543.224,19.575,19.596038,1.110302,0.991439,1014.532252
544.254,19.575972,19.60428,1.106919,0.991649,1014.507747
545.287,19.581986,19.583171,1.10368,0.99125,1014.35616
546.317,19.568167,19.595833,1.111788,0.991372,1014.704537
547.347,19.561282,19.587678,1.107817,0.991794,1014.878195
548.378,19.571639,19.599934,1.097846,0.990319,1014.616994
549.409,19.570535,19.594147,1.108716,0.991749,1014.644823
550.441,19.567949,19.602629,1.10103,0.992226,1014.71005
551.471,19.588205,19.611797,1.110146,0.992193,1014.199429
552.502,19.576797,19.593412,1.108416,0.991261,1014.486963
553.534,19.568905,19.595008,1.10429,0.991794,1014.685938
554.566,19.574942,19.602644,1.109747,0.991816,1014.533713
555.6,19.566376,19.60419,1.10195,0.990319,1014.749708
556.634,19.56503,19.610731,1.109137,0.991727,1014.783654
557.668,19.573167,19.624864,1.097647,0.990629,1014.578473
558.698,19.563276,19.607222,1.104856,0.991882,1014.8279
559.729,19.57775,19.594216,1.099078,0.990762,1014.462925
560.761,19.581796,19.598003,1.103858,0.990297,1014.36094
561.793,19.571955,19.59259,1.100786,0.991827,1014.609024
562.824,19.587278,19.602023,1.109703,0.991162,1014.222794
563.855,19.585189,19.590665,1.10805,0.99104,1014.275433
564.885,19.581317,19.584883,1.10734,0.99145,1014.373023
565.916,19.568144,19.606722,1.107984,0.991694,1014.705135
566.95,19.5918,19.59868,1.098179,0.990042,1014.108833
567.979,19.585223,19.60545,1.106531,0.991017,1014.27457
569.012,19.589003,19.615342,1.103625,0.990308,1014.179318
570.042,19.589029,19.588023,1.109148,0.990962,1014.178654
571.075,19.577229,19.608428,1.107485,0.990019,1014.476073
572.105,19.567006,19.61348,1.100719,0.991128,1014.733831
573.135,19.569677,19.604936,1.100364,0.989997,1014.666476
574.168,19.579033,19.617205,1.108283,0.990541,1014.430588
575.199,19.583867,19.606961,1.100708,0.989898,1014.308758
576.232,19.583795,19.600369,1.107795,0.98941,1014.310551
577.263,19.572632,19.607417,1.108128,0.990308,1014.591955
578.294,19.581425,19.610254,1.100253,0.98941,1014.370301
579.326,19.571963,19.607551,1.104556,0.989432,1014.608825
580.356,19.582078,19.61809,1.107451,0.989942,1014.353836
581.387,19.588761,19.608344,1.101684,0.988766,1014.185424
582.418,19.58325,19.599307,1.108161,0.989476,1014.324293
583.451,19.582547,19.60994,1.103203,0.990252,1014.342019
584.481,19.576125,19.610222,1.098456,0.990042,1014.503896
585.512,19.573267,19.608413,1.10297,0.989254,1014.57595
586.546,19.586,19.603384,1.108106,0.990408,1014.254988
587.58,19.592698,19.608339,1.108261,0.990241,1014.086202
588.611,19.591039,19.597995,1.099366,0.989598,1014.128013
589.687,19.575535,19.622275,1.107839,0.989953,1014.518771
590.719,19.583153,19.611684,1.102261,0.989931,1014.326749
591.75,19.578988,19.619586,1.108161,0.990385,1014.431717
592.785,19.574434,19.611576,1.097824,0.98921,1014.54653
593.816,19.589904,19.605094,1.107229,0.989254,1014.156618
594.849,19.583598,19.606838,1.105022,0.990563,1014.31553
595.881,19.594645,19.602744,1.104013,0.988434,1014.037161
596.914,19.590852,19.612069,1.104512,0.990951,1014.132725
597.945,19.58039,19.605631,1.097957,0.989898,1014.396394
598.977,19.582247,19.614755,1.108128,0.989709,1014.349587
600.012,19.590636,19.60275,1.107119,0.98921,1014.138168
601.043,19.582386,19.611587,1.097713,0.988933,1014.346069
602.073,19.574015,19.625096,1.098013,0.989088,1014.557089
603.106,19.582128,19.610306,1.105987,0.989376,1014.352575
604.137,19.568339,19.594648,1.100542,0.988633,1014.700219
605.167,19.577215,19.597664,1.098778,0.99023,1014.476405
606.201,19.579123,19.616096,1.105422,0.989509,1014.428331
607.231,19.593278,19.622175,1.104922,0.988101,1014.071602
608.263,19.58477,19.60015,1.107119,0.989199,1014.285988
609.298,19.579412,19.61048,1.107473,0.988766,1014.421027
610.333,19.589114,19.617692,1.106098,0.989354,1014.17653
611.364,19.582528,19.599797,1.09636,0.989199,1014.342483
612.397,19.583898,19.608889,1.106076,0.989232,1014.307962
613.429,19.592564,19.594729,1.105555,0.989155,1014.089587
614.461,19.592972,19.609258,1.101717,0.989665,1014.079301
615.491,19.576054,19.598583,1.103115,0.989698,1014.505689
616.523,19.578914,19.61328,1.098556,0.990097,1014.433576
617.555,19.562975,19.612271,1.102571,0.988645,1014.835474
618.588,19.585268,19.61367,1.098567,0.990263,1014.273442
619.623,19.573164,19.617418,1.107507,0.989587,1014.57854
620.653,19.585091,19.624988,1.10612,0.989554,1014.27789
621.689,19.57568,19.610854,1.098257,0.989942,1014.515118
622.722,19.571776,19.604543,1.100952,0.989753,1014.61354
623.757,19.570759,19.615319,1.107961,0.989476,1014.639177
624.787,19.572329,19.621711,1.105666,0.988789,1014.599593
625.818,19.573633,19.606946,1.099222,0.989642,1014.566718
626.848,19.570738,19.617544,1.097968,0.98931,1014.639709
627.879,19.576336,19.612419,1.099521,0.990108,1014.498583
628.912,19.578951,19.601398,1.106653,0.989631,1014.432647
629.944,19.578709,19.587673,1.108239,0.990552,1014.438755
630.974,19.569698,19.602568,1.107507,0.990075,1014.665945
632.01,19.577065,19.593636,1.104401,0.989387,1014.480189
633.039,19.59317,19.599876,1.09931,0.989886,1014.074323
634.073,19.584994,19.601904,1.106142,0.98952,1014.280346
635.105,19.571826,19.599344,1.099444,0.989376,1014.612278
636.138,19.577971,19.602194,1.108449,0.990008,1014.457347
637.172,19.584654,19.597895,1.097558,0.989565,1014.288909
638.2,19.581522,19.594745,1.103037,0.988811,1014.367845
639.231,19.573773,19.592912,1.102904,0.988711,1014.563199
640.263,19.572627,19.597076,1.103148,0.989321,1014.592088
641.293,19.589609,19.599747,1.10652,0.9886,1014.164052
642.325,19.573817,19.597584,1.09768,0.989022,1014.56207
643.355,19.585073,19.600147,1.100652,0.990696,1014.278354
644.387,19.588516,19.607767,1.106786,0.988534,1014.191597
645.42,19.587309,19.624329,1.105122,0.988811,1014.221997
646.451,19.591966,19.605023,1.108583,0.989443,1014.104652
647.484,19.575516,19.593976,1.103558,0.990319,1014.519236
648.516,19.584765,19.600608,1.108405,0.989609,1014.286121
649.55,19.589419,19.606087,1.099887,0.990208,1014.168831
650.582,19.572271,19.611447,1.108361,0.990485,1014.601054
651.615,19.574221,19.589864,1.102915,0.989465,1014.551909
652.647,19.583234,19.580118,1.097957,0.989277,1014.324691
653.68,19.58728,19.608953,1.098689,0.989909,1014.222727
654.71,19.568336,19.59534,1.106985,0.989277,1014.700286
655.743,19.573225,19.604177,1.098645,0.990374,1014.577012
656.778,19.572321,19.600751,1.109958,0.990153,1014.599792
657.811,19.581425,19.603795,1.098212,0.988955,1014.370301
658.842,19.57525,19.615716,1.099676,0.988711,1014.525943
659.874,19.581496,19.607625,1.100908,0.989432,1014.368509
660.907,19.574073,19.600714,1.099377,0.990141,1014.555628
661.94,19.563068,19.598348,1.107385,0.989443,1014.833149
662.973,19.56841,19.604528,1.109547,0.989809,1014.698426
664.006,19.590897,19.603622,1.106409,0.989809,1014.131597
665.04,19.564711,19.60399,1.108538,0.988046,1014.791692
666.073,19.570148,19.602231,1.110002,0.988766,1014.654587
667.103,19.578825,19.611378,1.101185,0.99074,1014.435834
668.136,19.59916,19.610322,1.102394,0.990496,1013.923431
669.166,19.580877,19.593539,1.10703,0.989631,1014.384111
670.196,19.588982,19.598678,1.101407,0.990075,1014.179849
671.229,19.587449,19.590412,1.109071,0.990396,1014.218479
672.263,19.583569,19.611937,1.110069,0.990053,1014.31626
673.296,19.572743,19.59558,1.1052,0.990452,1014.589166
674.327,19.565346,19.592814,1.110113,0.991084,1014.775682
675.359,19.573749,19.610946,1.107928,0.990053,1014.563796
676.391,19.580632,19.591568,1.109836,0.99104,1014.390286
677.424,19.580632,19.59991,1.103758,0.989864,1014.390286
678.456,19.582868,19.591242,1.102094,0.991051,1014.333919
679.489,19.581886,19.59793,1.108194,0.990851,1014.358683
680.523,19.574044,19.604001,1.107662,0.989265,1014.556358
681.555,19.578706,19.590489,1.10032,0.989842,1014.438822
682.587,19.580619,19.605152,1.109315,0.990308,1014.390618
683.618,19.582884,19.609669,1.106353,0.989764,1014.333521
684.649,19.592828,19.621587,1.10988,0.990474,1014.082951
685.681,19.575875,19.614231,1.100774,0.990618,1014.510204
686.713,19.586919,19.599731,1.106586,0.991361,1014.231821
687.744,19.586582,19.614608,1.107285,0.989288,1014.240318
688.778,19.599286,19.610151,1.106043,0.991539,1013.920246
689.81,19.581667,19.605855,1.107917,0.990408,1014.364193
690.844,19.591215,19.619849,1.108594,0.990119,1014.123566
691.873,19.58468,19.601572,1.107274,0.989299,1014.288245
692.905,19.566302,19.601554,1.110335,0.990895,1014.751568
693.935,19.562662,19.591168,1.098357,0.989687,1014.84338
694.971,19.569674,19.621845,1.11222,0.990286,1014.666543
696.004,19.577086,19.611223,1.11252,0.990053,1014.479658
697.034,19.580895,19.597995,1.109592,0.989898,1014.383646
698.066,19.568518,19.61077,1.106719,0.989787,1014.695702
699.097,19.590586,19.598946,1.101584,0.988711,1014.139429
700.131,19.58629,19.612074,1.106686,0.990374,1014.247686
701.162,19.586316,19.610188,1.099543,0.989132,1014.247022
702.193,19.57416,19.603516,1.101085,0.989587,1014.553436
703.225,19.568328,19.588653,1.101418,0.989487,1014.700485
704.256,19.600951,19.597455,1.105754,0.988888,1013.878315
705.287,19.580242,19.593507,1.107451,0.991638,1014.400112
706.32,19.583598,19.595367,1.102006,0.98952,1014.31553
707.354,19.585486,19.593984,1.101584,0.988622,1014.267932
708.387,19.59401,19.610338,1.104889,0.990862,1014.053154
709.419,19.589008,19.595915,1.105333,0.990396,1014.179185
710.452,19.577489,19.596584,1.10002,0.988744,1014.469499
711.486,19.583795,19.594687,1.106087,0.989321,1014.310551
712.519,19.57813,19.606656,1.109303,0.989964,1014.453363
713.551,19.567988,19.621956,1.111156,0.990031,1014.709054
714.584,19.582794,19.597756,1.099432,0.989022,1014.335778
715.617,19.585052,19.597405,1.102172,0.988866,1014.278885
716.65,19.574955,19.592174,1.099188,0.989044,1014.533381
717.681,19.572392,19.580421,1.103436,0.989354,1014.597999
718.712,19.581514,19.60251,1.10703,0.990729,1014.368044
719.745,19.570088,19.587027,1.10419,0.98941,1014.656114
720.777,19.570822,19.61092,1.111511,0.991029,1014.637583
721.809,19.582168,19.598414,1.101307,0.988356,1014.351579
722.841,19.575053,19.594619,1.105422,0.989387,1014.530923
723.873,19.573025,19.605492,1.109004,0.989676,1014.58206
724.905,19.578614,19.611687,1.101307,0.989587,1014.441146
725.937,19.57471,19.59818,1.101972,0.98962,1014.539557
726.97,19.578522,19.595077,1.101928,0.989898,1014.44347
728.004,19.570209,19.59642,1.103425,0.9889,1014.653059
729.033,19.572163,19.595973,1.100963,0.988035,1014.603777
730.069,19.575395,19.589069,1.090327,0.98605,1014.52229
731.103,19.58462,19.605752,1.084826,0.983034,1014.289772
732.134,19.578751,19.593009,1.091824,0.978809,1014.437693
733.165,19.574297,19.589195,1.083716,0.976702,1014.549983
734.196,19.577271,19.591871,1.093998,0.97393,1014.47501
735.227,19.589216,19.601267,1.092722,0.973087,1014.173942
736.259,19.595559,19.61077,1.086722,0.973087,1014.014135
737.29,19.582523,19.597205,1.084426,0.974019,1014.342616
738.322,19.584075,19.599168,1.093499,0.974895,1014.303514
739.355,19.585226,19.602152,1.096371,0.975704,1014.274504
740.385,19.575235,19.611028,1.095362,0.976059,1014.526341
741.418,19.574995,19.621959,1.095218,0.977711,1014.532384
742.45,19.581053,19.59587,1.087232,0.978709,1014.379663
743.483,19.601454,19.598483,1.088153,0.97821,1013.865644
744.514,19.592085,19.607852,1.09605,0.977401,1014.101665
745.548,19.584825,19.608531,1.08945,0.977068,1014.284594
746.58,19.584939,19.61578,1.085635,0.976868,1014.28174
747.614,19.568215,19.612501,1.0868,0.977955,1014.703341
748.645,19.586798,19.60394,1.098434,0.978166,1014.234875
749.677,19.578459,19.618448,1.091369,0.979907,1014.445063
750.708,19.591866,19.604975,1.091247,0.979851,1014.107174
751.739,19.591837,19.625504,1.101651,0.98086,1014.107904
752.772,19.579968,19.606126,1.101983,0.981947,1014.407017
753.804,19.594969,19.599792,1.102959,0.983045,1014.028999
754.838,19.570188,19.6114,1.103092,0.981781,1014.653591
755.871,19.584109,19.61672,1.103847,0.982867,1014.302651
756.902,19.576971,19.59282,1.104534,0.983344,1014.48258
757.936,19.564846,19.606129,1.097957,0.984176,1014.788304
758.966,19.569732,19.614447,1.095717,0.984985,1014.665081
759.999,19.57062,19.621034,1.100919,0.984542,1014.642698
761.034,19.571881,19.624013,1.111278,0.987125,1014.610884
762.068,19.573749,19.614826,1.114849,0.988201,1014.563796
763.1,19.570359,19.60797,1.113374,0.991084,1014.649273
764.131,19.57387,19.601812,1.11018,0.994167,1014.560741
765.16,19.566055,19.605968,1.117156,0.995985,1014.757812
766.193,19.579676,19.60255,1.117356,0.996861,1014.414387
767.223,19.582081,19.606785,1.108982,0.997682,1014.35377
768.257,19.581246,19.611771,1.108793,0.997682,1014.374816
769.291,19.588945,19.593215,1.116712,0.996684,1014.180778
770.325,19.601514,19.596465,1.116768,0.997582,1013.864118
771.359,19.577036,19.605442,1.104113,0.996384,1014.48092
772.391,19.599755,19.613709,1.114361,0.995098,1013.908436
773.428,19.574213,19.598293,1.113329,0.994056,1014.552108
774.459,19.585652,19.595772,1.108982,0.990907,1014.26375
775.491,19.584183,19.59612,1.10856,0.99216,1014.300792
776.523,19.571283,19.612885,1.107107,0.990574,1014.62596
777.556,19.592166,19.607027,1.112609,0.99043,1014.099608
778.589,19.573533,19.607072,1.104057,0.991117,1014.569242
779.619,19.576949,19.599484,1.102538,0.989709,1014.483111
780.652,19.585323,19.61323,1.105677,0.988611,1014.272048
781.684,19.589482,19.614926,1.108627,0.988511,1014.167238
782.72,19.598846,19.602555,1.107019,0.989509,1013.931326
783.753,19.592572,19.616733,1.109525,0.988423,1014.089388
784.784,19.587328,19.628356,1.110479,0.989132,1014.221533
785.816,19.579265,19.610541,1.09981,0.990419,1014.424745
786.847,19.590312,19.599952,1.101074,0.989742,1014.146331
787.881,19.602881,19.605787,1.096748,0.987647,1013.829687
788.915,19.595635,19.60319,1.091403,0.986438,1014.01221
789.946,19.593639,19.606363,1.097281,0.984508,1014.062511
790.98,19.583622,19.615969,1.095661,0.980284,1014.314932
792.012,19.583593,19.611924,1.096649,0.978299,1014.315663
793.045,19.593109,19.602918,1.086278,0.97709,1014.07585
794.076,19.578646,19.60591,1.088508,0.97576,1014.440349
795.107,19.575424,19.594321,1.09128,0.976891,1014.52156
796.139,19.595601,19.597877,1.096105,0.975671,1014.013073
797.168,19.586511,19.594245,1.095562,0.976625,1014.24211
798.198,19.588318,19.59838,1.087221,0.976769,1014.196575
799.228,19.577471,19.612743,1.098024,0.976381,1014.469963
800.261,19.582397,19.593849,1.092733,0.975981,1014.345803
801.294,19.583319,19.578546,1.087299,0.975726,1014.322567
802.327,19.597316,19.598714,1.091602,0.977523,1013.969876
803.356,19.580289,19.611687,1.098212,0.977356,1014.398917
804.389,19.573185,19.601707,1.095806,0.976647,1014.578008
805.42,19.587923,19.6063,1.093576,0.977689,1014.206531
806.45,19.579065,19.599083,1.089162,0.977933,1014.429791
807.482,19.575622,19.608086,1.094575,0.977833,1014.516579
808.512,19.600961,19.600995,1.097791,0.97729,1013.87805
809.544,19.59725,19.601356,1.088741,0.977168,1013.971535
810.577,19.588539,19.604335,1.088053,0.976802,1014.191
811.609,19.594679,19.601975,1.09585,0.977645,1014.036298
812.639,19.577123,19.608368,1.091602,0.97729,1014.478729
813.671,19.574207,19.617321,1.092989,0.977833,1014.552241
814.705,19.572548,19.609171,1.090216,0.977434,1014.594081
815.741,19.574639,19.613812,1.099765,0.978776,1014.54135
816.776,19.573391,19.600045,1.090693,0.979275,1014.572828
817.808,19.554999,19.604896,1.10276,0.981515,1015.036679
818.839,19.578957,19.59523,1.102116,0.981836,1014.432514
819.869,19.580426,19.613559,1.102704,0.981237,1014.395464
820.9,19.566821,19.603137,1.100908,0.980805,1014.738481
821.933,19.561985,19.606011,1.096327,0.980117,1014.860455
822.966,19.570412,19.606975,1.095429,0.982113,1014.647945
823.998,19.566769,19.594595,1.096715,0.981991,1014.73981
825.031,19.585605,19.612595,1.102959,0.981903,1014.264945
826.063,19.582873,19.602028,1.092989,0.980883,1014.333786
827.095,19.592411,19.598583,1.093876,0.98096,1014.093436
828.126,19.578124,19.597756,1.09453,0.982668,1014.453496
829.156,19.584933,19.587678,1.099,0.981781,1014.281873
830.186,19.588866,19.595148,1.091591,0.981426,1014.182769
831.218,19.57592,19.609345,1.101717,0.981082,1014.509075
832.252,19.585647,19.58575,1.10256,0.98177,1014.263883
833.284,19.580008,19.592525,1.096615,0.982246,1014.406021
834.314,19.585565,19.604359,1.104534,0.984675,1014.265941
835.347,19.581272,19.595288,1.111466,0.987447,1014.374152
836.38,19.593736,19.595788,1.108061,0.990208,1014.060055
837.414,19.593594,19.607285,1.112265,0.991339,1014.063639
838.445,19.584654,19.608373,1.113784,0.993102,1014.288909
839.477,19.576096,19.60973,1.103425,0.993302,1014.504626
840.507,19.577497,19.619022,1.107784,0.99176,1014.469299
841.538,19.591395,19.597416,1.105399,0.992348,1014.119053
842.572,19.568022,19.616004,1.112952,0.992282,1014.70819
843.605,19.582866,19.604317,1.108616,0.991383,1014.333986
844.638,19.584543,19.610496,1.111122,0.992925,1014.291697
845.668,19.57155,19.598633,1.109714,0.990807,1014.619252
846.703,19.589335,19.6115,1.102427,0.992647,1014.170955
847.736,19.588966,19.608463,1.111555,0.991528,1014.180247
848.771,19.583211,19.620231,1.10764,0.99227,1014.325289
849.8,19.570862,19.614073,1.104645,0.991683,1014.636587
850.833,19.578172,19.610019,1.110424,0.991583,1014.452301
851.866,19.571389,19.595322,1.108305,0.991716,1014.623304
852.896,19.583063,19.603977,1.108871,0.992126,1014.329007
853.931,19.581404,19.607744,1.109015,0.991494,1014.370832
854.961,19.585089,19.609342,1.107695,0.991727,1014.277956
855.992,19.581952,19.607546,1.109692,0.989576,1014.357023
857.024,19.579605,19.6115,1.10988,0.990696,1014.41618
858.055,19.57828,19.607301,1.105311,0.991838,1014.449578
859.085,19.586437,19.612071,1.101506,0.991139,1014.243969
860.118,19.578891,19.602376,1.105388,0.99013,1014.434174
861.149,19.593626,19.626286,1.113307,0.99043,1014.062843
862.18,19.581459,19.598277,1.103292,0.991217,1014.369438
863.212,19.592561,19.619475,1.109991,0.989709,1014.089653
864.245,19.57799,19.618237,1.115071,0.989953,1014.456882
865.276,19.590175,19.611892,1.10439,0.988645,1014.149782
866.31,19.57691,19.603245,1.113507,0.988511,1014.484107
867.343,19.572445,19.609645,1.102893,0.988046,1014.596671
868.375,19.58379,19.608231,1.102538,0.988234,1014.310684
869.405,19.586134,19.605112,1.103336,0.987857,1014.251602
870.437,19.580147,19.601493,1.112309,0.988434,1014.402502
871.471,19.575448,19.603479,1.108594,0.98789,1014.520962
872.502,19.58163,19.610488,1.09595,0.985739,1014.365123
873.534,19.584696,19.626291,1.100741,0.983023,1014.287847
874.564,19.589598,19.601467,1.094763,0.978587,1014.164318
875.596,19.595111,19.606574,1.085668,0.97576,1014.025415
876.629,19.588268,19.613106,1.08507,0.972721,1014.197836
877.66,19.585847,19.620521,1.086278,0.97047,1014.258838
878.693,19.597866,19.61072,1.074766,0.967876,1013.956008
879.724,19.597234,19.603543,1.082641,0.96639,1013.971933
880.758,19.590628,19.603129,1.084204,0.967144,1014.138367
881.789,19.601549,19.605797,1.08152,0.966911,1013.863256
882.823,19.595462,19.616894,1.075587,0.966179,1014.01659
883.853,19.585587,19.612698,1.081254,0.96721,1014.26541
884.884,19.598209,19.6175,1.086267,0.968131,1013.947383
885.917,19.594234,19.603772,1.078127,0.968474,1014.047513
886.952,19.596689,19.606506,1.089772,0.971047,1013.985668
887.983,19.591052,19.612956,1.094142,0.973298,1014.127681
889.017,19.58987,19.588524,1.08579,0.974651,1014.157481
890.049,19.593763,19.621068,1.090127,0.976558,1014.059392
891.081,19.584109,19.61583,1.098567,0.978321,1014.302651
892.11,19.575646,19.60899,1.091136,0.977146,1014.515982
893.14,19.599189,19.604638,1.087299,0.977046,1013.922701
894.174,19.585671,19.612693,1.098678,0.976713,1014.263285
895.208,19.576834,19.614284,1.099233,0.978255,1014.486033
896.239,19.582141,19.600956,1.100464,0.976769,1014.352243
897.271,19.585729,19.609205,1.098922,0.97668,1014.261825
898.302,19.581588,19.614228,1.089029,0.977489,1014.366185
899.333,19.580279,19.611339,1.097913,0.978676,1014.399183
900.365,19.578841,19.620718,1.100164,0.979885,1014.435435
901.397,19.580793,19.610586,1.098168,0.978033,1014.386236
902.427,19.5835,19.61204,1.098756,0.980306,1014.317986
903.459,19.572142,19.611739,1.102305,0.979652,1014.604308
904.493,19.580271,19.604009,1.104257,0.981869,1014.399382
905.523,19.578717,19.614097,1.103547,0.981725,1014.438556
906.555,19.582112,19.608987,1.103924,0.983499,1014.352973
907.586,19.575084,19.607965,1.093876,0.982535,1014.530127
908.62,19.575069,19.599041,1.10317,0.983167,1014.530525
909.652,19.572627,19.599117,1.092966,0.984265,1014.592088
910.687,19.572938,19.603519,1.096904,0.983666,1014.584251
911.718,19.588168,19.5917,1.097148,0.982202,1014.200358
912.753,19.576301,19.600769,1.099155,0.983156,1014.499447
913.785,19.586801,19.584354,1.103325,0.982734,1014.234808
914.818,19.573164,19.600145,1.093732,0.982801,1014.57854
915.851,19.594621,19.602418,1.094552,0.983821,1014.037758
916.882,19.584196,19.588916,1.096338,0.983743,1014.30046
917.913,19.576062,19.614207,1.101251,0.982856,1014.50549
918.946,19.575785,19.602336,1.101296,0.982712,1014.512462
919.979,19.575179,19.606535,1.102471,0.982956,1014.527736
921.009,19.592048,19.615869,1.10347,0.983034,1014.102595
922.043,19.579731,19.608745,1.103924,0.984043,1014.412993
923.077,19.577376,19.602892,1.096904,0.9833,1014.472354
924.109,19.589037,19.612843,1.104013,0.984387,1014.178455
925.14,19.583543,19.600221,1.11201,0.98768,1014.316924
926.173,19.58119,19.595983,1.100719,0.988279,1014.37621
927.203,19.562098,19.600851,1.106154,0.990696,1014.857598
928.237,19.587436,19.621219,1.101784,0.990108,1014.218811
929.268,19.577316,19.598628,1.108183,0.990019,1014.473881
930.299,19.58368,19.616414,1.107429,0.989964,1014.313472
931.331,19.583656,19.596196,1.110745,0.990652,1014.314069
932.362,19.573865,19.592343,1.102105,0.991029,1014.560874
933.394,19.579705,19.607904,1.111888,0.990918,1014.413657
934.426,19.57868,19.607198,1.110834,0.990097,1014.439486
935.458,19.583161,19.599542,1.103436,0.991139,1014.32655
936.493,19.585508,19.599734,1.100874,0.990396,1014.267401
937.523,19.587104,19.608992,1.109547,0.990751,1014.227175
938.554,19.586395,19.613193,1.108771,0.989121,1014.245031
939.589,19.587657,19.601796,1.110135,0.989742,1014.213235
940.62,19.58884,19.591405,1.104601,0.989265,1014.183433
941.651,19.585955,19.598796,1.104823,0.988245,1014.256116
942.683,19.590394,19.60221,1.112098,0.989764,1014.144274
943.714,19.592651,19.617584,1.110401,0.990419,1014.087397
944.749,19.585666,19.599894,1.109703,0.989022,1014.263418
945.784,19.592459,19.622322,1.111178,0.988944,1014.092242
946.818,19.596644,19.626499,1.111267,0.990019,1013.986796
947.852,19.59675,19.612637,1.101972,0.989609,1013.984142
948.883,19.587573,19.612769,1.106664,0.989576,1014.21536
949.914,19.58678,19.61864,1.10825,0.989864,1014.235339
950.944,19.579125,19.621295,1.110224,0.988955,1014.428264
951.977,19.576926,19.627118,1.108183,0.988966,1014.483709
953.01,19.586166,19.627487,1.108693,0.989055,1014.250806
954.04,19.592301,19.620515,1.110701,0.989864,1014.096223
955.073,19.583803,19.616488,1.105133,0.989487,1014.310352
956.106,19.591326,19.620608,1.107762,0.991173,1014.120779
957.139,19.591181,19.611942,1.10124,0.989909,1014.124429
958.169,19.595203,19.628791,1.108727,0.98941,1014.023093
959.202,19.582302,19.618032,1.099211,0.989232,1014.348193
960.234,19.574908,19.612098,1.10693,0.990563,1014.534576
961.265,19.565088,19.602492,1.107218,0.98941,1014.782193
962.295,19.588784,19.613899,1.109692,0.989121,1014.184827
963.327,19.589972,19.605294,1.108871,0.989631,1014.154893
964.359,19.586645,19.602131,1.110224,0.989509,1014.238725
965.391,19.58752,19.617605,1.108261,0.988334,1014.216687
966.423,19.5854,19.595912,1.110579,0.989044,1014.270123
967.455,19.58767,19.612922,1.110268,0.988201,1014.212904
968.488,19.589129,19.599742,1.101828,0.989443,1014.176132
969.517,19.591921,19.616865,1.102172,0.9889,1014.10578
970.55,19.587847,19.622562,1.109592,0.988822,1014.208456
971.58,19.579325,19.600969,1.10652,0.987979,1014.423218
972.615,19.587839,19.602755,1.098357,0.987647,1014.208655
973.645,19.576059,19.593926,1.107529,0.98789,1014.505556
974.676,19.593589,19.613944,1.099133,0.987547,1014.063772
975.708,19.576294,19.605244,1.109248,0.98717,1014.499646
976.737,19.571141,19.617716,1.107218,0.987281,1014.629547
977.77,19.589195,19.621817,1.101895,0.987902,1014.174473
978.804,19.595604,19.596826,1.100608,0.987735,1014.013007
979.835,19.599191,19.596739,1.106043,0.988123,1013.922634
980.869,19.591832,19.607946,1.100187,0.987935,1014.108037
981.902,19.578891,19.599499,1.106464,0.988467,1014.434174
982.935,19.570749,19.603761,1.11018,0.989121,1014.639443
983.967,19.583429,19.610623,1.100431,0.987624,1014.319779
985.001,19.586451,19.602758,1.107751,0.986338,1014.243637
986.033,19.581322,19.605679,1.093477,0.985384,1014.372891
987.066,19.583824,19.599844,1.096271,0.981881,1014.309821
988.098,19.599555,19.609324,1.102083,0.981138,1013.913479
989.132,19.576241,19.622122,1.097769,0.980428,1014.500974
990.162,19.57559,19.600916,1.090826,0.980517,1014.517376
991.194,19.586651,19.601796,1.091635,0.980905,1014.238592
992.224,19.597218,19.597332,1.098745,0.980117,1013.972331
993.257,19.587968,19.599731,1.087887,0.977988,1014.205403
994.29,19.587818,19.617191,1.097713,0.975749,1014.209186
995.321,19.581388,19.595764,1.097769,0.975604,1014.371231
996.356,19.596173,19.589909,1.088962,0.977035,1013.998674
997.387,19.576409,19.616962,1.086656,0.974795,1014.496724
998.418,19.581372,19.598572,1.099122,0.97637,1014.371629
999.45,19.575835,19.613354,1.087742,0.97597,1014.5112
1000.483,19.584222,19.610673,1.092345,0.974895,1014.299796
1001.515,19.583421,19.596594,1.092756,0.975926,1014.319978
1002.547,19.589208,19.603982,1.094197,0.977212,1014.174141
1003.579,19.577094,19.594579,1.087332,0.975471,1014.479459
1004.609,19.57804,19.600348,1.093732,0.977634,1014.455621
1005.642,19.584675,19.606082,1.100508,0.976802,1014.288378
1006.676,19.595843,19.604391,1.089406,0.97617,1014.006968
1007.709,19.580756,19.602615,1.096416,0.976769,1014.387165
1008.743,19.585257,19.604862,1.092079,0.976092,1014.273707
1009.774,19.560831,19.595311,1.094752,0.975538,1014.889557
1010.808,19.593186,19.608292,1.099477,0.976791,1014.073925
1011.839,19.571038,19.602826,1.090238,0.977855,1014.632137
1012.873,19.574197,19.610154,1.080844,0.975793,1014.552506
1013.908,19.592456,19.605428,1.083217,0.971646,1014.092308
1014.941,19.579955,19.602502,1.085336,0.970382,1014.407349
1015.972,19.578767,19.603795,1.076907,0.966645,1014.437294
1017.004,19.575456,19.599868,1.08365,0.966002,1014.520763
1018.035,19.583084,19.611041,1.078881,0.966789,1014.328475
1019.066,19.589419,19.598053,1.07501,0.965725,1014.168831
1020.097,19.588368,19.612838,1.075309,0.966811,1014.195314
1021.128,19.589959,19.598472,1.079746,0.965625,1014.155225
1022.162,19.598117,19.599802,1.075831,0.966268,1013.949705
1023.192,19.586901,19.604449,1.084437,0.966512,1014.232286
1024.223,19.601119,19.586385,1.08965,0.967665,1013.874069
1025.255,19.593323,19.593183,1.082363,0.96873,1014.070474
1026.288,19.595135,19.601807,1.094242,0.971391,1014.024818
1027.322,19.585357,19.624263,1.088275,0.973509,1014.271185
1028.356,19.570704,19.59789,1.095772,0.978022,1014.640572
1029.388,19.579149,19.611929,1.103292,0.981204,1014.427667
1030.419,19.591192,19.610717,1.097625,0.982934,1014.124164
1031.45,19.589303,19.616062,1.10337,0.984131,1014.171751
1032.481,19.582829,19.623268,1.09392,0.986305,1014.334915
1033.514,19.574805,19.595783,1.099288,0.983854,1014.537166
1034.548,19.581628,19.599668,1.095806,0.98554,1014.365189
1035.583,19.582866,19.622425,1.096061,0.984387,1014.333986
1036.616,19.581132,19.627864,1.092977,0.985019,1014.377671
1037.649,19.581248,19.611302,1.093366,0.984542,1014.37475
1038.679,19.569121,19.609148,1.09361,0.984242,1014.680491
1039.711,19.5745,19.602478,1.095872,0.985174,1014.544869
1040.745,19.576212,19.618034,1.098833,0.984619,1014.501704
1041.778,19.585813,19.611218,1.101163,0.984253,1014.259701
1042.808,19.580498,19.619372,1.101551,0.984985,1014.393672
1043.84,19.586116,19.612453,1.10266,0.984775,1014.252067
1044.871,19.581865,19.617618,1.103203,0.983854,1014.359214
1045.902,19.588966,19.607865,1.099211,0.983477,1014.180247
1046.931,19.583545,19.621021,1.100719,0.985817,1014.316858
1047.966,19.602742,19.616462,1.091436,0.985274,1013.833203
1049.001,19.594819,19.617062,1.09961,0.983244,1014.032781
1050.033,19.601946,19.60045,1.098878,0.983976,1013.853238
1051.064,19.574113,19.600866,1.097214,0.98381,1014.554632
1052.096,19.595177,19.606896,1.092334,0.984719,1014.023757
1053.13,19.59583,19.61244,1.096427,0.983533,1014.0073
1054.164,19.594656,19.609469,1.102638,0.984265,1014.036896
1055.195,19.580908,19.600108,1.105643,0.984409,1014.383314
1056.228,19.597131,19.608824,1.106187,0.983821,1013.974521
1057.261,19.595865,19.617968,1.094697,0.984653,1014.006437
1058.293,19.599908,19.604449,1.09605,0.98371,1013.904588
1059.323,19.578298,19.598504,1.10276,0.98361,1014.449114
1060.354,19.577118,19.605847,1.095961,0.983621,1014.478861
1061.389,19.594092,19.616804,1.101174,0.983122,1014.051097
1062.421,19.576204,19.622791,1.094087,0.983854,1014.501904
1063.453,19.581693,19.611373,1.104823,0.983233,1014.363529
1064.483,19.597893,19.62524,1.10225,0.983211,1013.955345
1065.517,19.589727,19.618732,1.102482,0.982712,1014.161065
1066.548,19.583811,19.603624,1.103569,0.983588,1014.310153
1067.578,19.593475,19.617321,1.099554,0.982457,1014.066625
1068.611,19.585934,19.614468,1.102238,0.982878,1014.256647
1069.643,19.589538,19.60428,1.098922,0.981892,1014.165844
1070.676,19.580361,19.602681,1.0987,0.982768,1014.397124
1071.709,19.579599,19.609956,1.103325,0.982335,1014.416313
1072.739,19.581193,19.606737,1.100198,0.985074,1014.376144
1073.772,19.585523,19.609464,1.100963,0.982302,1014.267003
1074.804,19.592274,19.596165,1.103137,0.981836,1014.096887
1075.838,19.589114,19.598388,1.104335,0.9831,1014.17653
1076.871,19.580987,19.600245,1.097525,0.983311,1014.381322
1077.904,19.56974,19.606,1.096072,0.983289,1014.664882
1078.933,19.577698,19.603903,1.104312,0.981881,1014.464253
1079.964,19.584709,19.616659,1.102982,0.983134,1014.287515
1080.997,19.567799,19.597121,1.097769,0.982014,1014.713836
1082.029,19.571017,19.612585,1.099532,0.982635,1014.632668
1083.062,19.589459,19.608168,1.103669,0.982901,1014.167835
1084.092,19.566118,19.617136,1.100852,0.983122,1014.756218
1085.124,19.581556,19.608397,1.094475,0.981825,1014.366982
1086.155,19.578575,19.597803,1.103192,0.98259,1014.442142
1087.189,19.572382,19.601796,1.10215,0.981736,1014.598265
1088.222,19.575988,19.595564,1.094364,0.982368,1014.507349
1089.253,19.575848,19.616975,1.095817,0.982901,1014.510868
1090.286,19.580745,19.610983,1.102405,0.981781,1014.387431
1091.318,19.564134,19.607646,1.095861,0.982579,1014.806242
1092.35,19.571049,19.596175,1.103425,0.981559,1014.631871
1093.383,19.580139,19.603253,1.10042,0.980805,1014.402701
1094.417,19.585286,19.592627,1.099233,0.981337,1014.272977
1095.453,19.561898,19.614344,1.101673,0.981005,1014.862648
1096.487,19.572182,19.593586,1.10012,0.981736,1014.603312
1097.515,19.561806,19.581501,1.103625,0.981138,1014.864973
1098.546,19.584551,19.605826,1.097913,0.981792,1014.291498
1099.58,19.573799,19.610422,1.102837,0.982856,1014.562534
1100.615,19.57102,19.597284,1.093144,0.982324,1014.632602
1101.647,19.572672,19.599623,1.094031,0.982823,1014.590959
1102.679,19.574829,19.610172,1.103314,0.982679,1014.536568
1103.713,19.579362,19.614689,1.093887,0.983477,1014.422288
1104.747,19.56194,19.600116,1.101407,0.983921,1014.861585
1105.779,19.572477,19.618703,1.097137,0.983599,1014.595874
1106.812,19.571942,19.60974,1.101152,0.982391,1014.609356
1107.847,19.579394,19.610981,1.093698,0.983255,1014.421492
1108.879,19.564387,19.612116,1.093809,0.981836,1014.799864
1109.913,19.58595,19.598346,1.102094,0.982679,1014.256249
1110.943,19.559598,19.614012,1.093809,0.982379,1014.920653
1111.975,19.562051,19.618282,1.093399,0.98279,1014.858794
1113.008,19.57171,19.603532,1.101872,0.981825,1014.615201
1114.04,19.580932,19.603074,1.09351,0.982457,1014.382717
1115.072,19.583266,19.604812,1.095617,0.983111,1014.323895
1116.106,19.570309,19.605428,1.099078,0.983544,1014.650535
1117.14,19.581406,19.608054,1.094918,0.983854,1014.370766
1118.173,19.591798,19.605241,1.094785,0.982734,1014.108899
1119.227,19.569648,19.609227,1.10042,0.98137,1014.667207
1120.26,19.585202,19.609142,1.097225,0.982568,1014.275101
1121.292,19.565322,19.601377,1.102793,0.98269,1014.77628
1122.324,19.576863,19.602784,1.094297,0.981005,1014.485303
1123.356,19.581288,19.581999,1.101562,0.981193,1014.373754
1124.389,19.574494,19.603118,1.101174,0.981892,1014.545002
1125.422,19.57299,19.57602,1.10408,0.982213,1014.582923
1126.451,19.576654,19.587583,1.1051,0.982346,1014.490548
1127.486,19.590568,19.59823,1.092878,0.981515,1014.139893
1128.517,19.575221,19.597382,1.103603,0.982025,1014.526673
1129.55,19.589456,19.595106,1.101318,0.980949,1014.167902
1130.582,19.591892,19.612998,1.092035,0.980583,1014.10651
1131.614,19.58143,19.612798,1.089007,0.981781,1014.370168
1132.646,19.582054,19.616833,1.091891,0.980572,1014.354434
1133.68,19.580005,19.611947,1.092423,0.981082,1014.406088
1134.709,19.586819,19.605054,1.096582,0.981016,1014.234344
1135.74,19.58114,19.601744,1.095894,0.981537,1014.377472
1136.77,19.576955,19.609988,1.093909,0.98147,1014.482978
1137.804,19.567835,19.612537,1.097225,0.981404,1014.712906
1138.834,19.583661,19.594777,1.095928,0.983788,1014.313937
1139.864,19.57736,19.586179,1.098279,0.982368,1014.472752
1140.898,19.565004,19.605663,1.089761,0.982501,1014.784318
1141.931,19.582399,19.621522,1.089539,0.981914,1014.345737
1142.965,19.586727,19.599729,1.095273,0.982136,1014.236667
1144.0,19.576104,19.614418,1.099688,0.982845,1014.504427
1145.032,19.579088,19.605426,1.099577,0.982823,1014.429194
1146.063,19.57917,19.602318,1.099632,0.982701,1014.427135
1147.094,19.599813,19.596175,1.091125,0.982102,1013.906977
1148.125,19.596839,19.604838,1.091813,0.982657,1013.981886
1149.156,19.582391,19.6004,1.089473,0.981437,1014.345936
1150.189,19.584383,19.59814,1.10134,0.983222,1014.295747
1151.222,19.578456,19.612603,1.100231,0.982901,1014.44513
1152.253,19.591505,19.611054,1.100164,0.982002,1014.116266
1153.285,19.590489,19.599426,1.090293,0.982679,1014.141884
1154.318,19.574984,19.601156,1.097214,0.982324,1014.53265
1155.351,19.586142,19.595462,1.096759,0.982834,1014.251403
1156.38,19.584878,19.617921,1.098412,0.981282,1014.283267
1157.413,19.580824,19.609387,1.095639,0.981747,1014.385439
1158.443,19.582455,19.609108,1.091436,0.981792,1014.344342
1159.475,19.582576,19.605547,1.092689,0.98147,1014.341288
1160.506,19.571357,19.594627,1.091746,0.982102,1014.624101
1161.537,19.569956,19.604952,1.100652,0.982147,1014.659436
1162.57,19.577616,19.605813,1.099898,0.98279,1014.466311
1163.602,19.571373,19.599178,1.090282,0.982258,1014.623702
1164.635,19.580743,19.600187,1.090637,0.982202,1014.387497
1165.669,19.583832,19.601348,1.093288,0.981747,1014.309621
1166.7,19.578303,19.609516,1.100309,0.982313,1014.448981
1167.733,19.579138,19.608671,1.099255,0.982147,1014.427932
1168.768,19.583959,19.586743,1.097214,0.9831,1014.306435
1169.8,19.579807,19.593072,1.092401,0.98289,1014.411067
1170.832,19.584612,19.594829,1.100841,0.982579,1014.289971
1171.864,19.576001,19.607583,1.096094,0.98208,1014.507017
1172.897,19.575432,19.58541,1.102039,0.98249,1014.521361
1173.93,19.574998,19.60596,1.100941,0.981914,1014.532318
1174.96,19.567056,19.609964,1.101651,0.982679,1014.732569
1175.993,19.568407,19.588049,1.093299,0.982424,1014.698492
1177.028,19.563107,19.607522,1.092689,0.981725,1014.832152
1178.062,19.573665,19.591266,1.093953,0.981093,1014.565921
1179.092,19.587554,19.593486,1.092345,0.9832,1014.215824
1180.123,19.564055,19.609803,1.097569,0.981814,1014.808235
1181.154,19.572859,19.599405,1.09402,0.98269,1014.586244
1182.185,19.578596,19.594629,1.093488,0.982235,1014.44161
1183.218,19.572645,19.578256,1.101573,0.982124,1014.591623
1184.249,19.573075,19.592709,1.091624,0.981903,1014.580798
1185.282,19.558942,19.59033,1.091902,0.983899,1014.937199
1186.314,19.581933,19.590265,1.100919,0.983677,1014.357488
1187.347,19.571133,19.5973,1.092955,0.98218,1014.629746
1188.38,19.571391,19.583084,1.101839,0.981315,1014.623237
1189.413,19.571584,19.596984,1.101895,0.983355,1014.618389
1190.445,19.570617,19.590697,1.09524,0.982224,1014.642764
1191.476,19.575783,19.610999,1.101074,0.982368,1014.512529
1192.506,19.567859,19.595612,1.098589,0.981337,1014.712309
1193.539,19.586893,19.59735,1.100475,0.982058,1014.232485
1194.572,19.569945,19.585613,1.099399,0.982657,1014.659701
1195.606,19.571539,19.58609,1.101684,0.981969,1014.619518
1196.639,19.57376,19.572382,1.091192,0.982668,1014.563531
1197.67,19.583395,19.598517,1.100198,0.981881,1014.320642
1198.705,19.58168,19.595364,1.099355,0.983655,1014.363861
1199.739,19.593602,19.611918,1.101506,0.983012,1014.06344
1200.769,19.572432,19.599044,1.094541,0.983499,1014.597003
1201.802,19.584991,19.60275,1.092489,0.981914,1014.280412
1202.834,19.576404,19.599974,1.10022,0.981991,1014.496857
1203.864,19.58501,19.601717,1.099144,0.983366,1014.279947
1204.9,19.563131,19.593283,1.092822,0.983056,1014.831554
1205.933,19.568694,19.587857,1.099566,0.982169,1014.691252
1206.964,19.573025,19.602073,1.098179,0.982601,1014.58206
1207.996,19.589609,19.597279,1.091502,0.982213,1014.164052
1209.027,19.57117,19.593734,1.101895,0.982302,1014.628816
1210.059,19.572182,19.59249,1.101462,0.980971,1014.603312
1211.088,19.576694,19.590467,1.093798,0.983278,1014.489552
1212.121,19.569234,19.588373,1.097369,0.982357,1014.677635
1213.153,19.593054,19.597482,1.101229,0.981925,1014.077243
1214.183,19.58767,19.572313,1.10032,0.981548,1014.212904
1215.215,19.597827,19.604372,1.09839,0.98137,1013.957004
1216.247,19.582634,19.593731,1.100664,0.981914,1014.339828
1217.28,19.56518,19.594998,1.097491,0.982845,1014.779867
1218.311,19.56282,19.617155,1.099543,0.98167,1014.839394
1219.342,19.575084,19.578361,1.093565,0.981825,1014.530127
1220.375,19.57868,19.601272,1.090438,0.981359,1014.439486
1221.408,19.571099,19.606255,1.100896,0.982535,1014.630609
1222.441,19.588144,19.596281,1.092855,0.982246,1014.200956
1223.472,19.585753,19.610823,1.099754,0.982623,1014.261228
1224.505,19.587883,19.584109,1.099932,0.982235,1014.207527
1225.535,19.569387,19.60276,1.100231,0.982158,1014.673783
1226.565,19.580932,19.599081,1.100985,0.980805,1014.382717
1227.599,19.585903,19.614141,1.100741,0.981437,1014.257444
1228.633,19.569903,19.590578,1.102261,0.98177,1014.660764
1229.665,19.580213,19.617555,1.096338,0.981548,1014.400842
1230.698,19.585647,19.60177,1.103281,0.982402,1014.263883
1231.731,19.580174,19.600782,1.09443,0.981104,1014.401838
1232.763,19.591439,19.610625,1.096138,0.982224,1014.117925
1233.796,19.58129,19.593979,1.094064,0.981348,1014.373687
1234.828,19.582623,19.594524,1.096782,0.981681,1014.340093
1235.859,19.59233,19.594102,1.101052,0.981736,1014.095493
1236.889,19.586677,19.593215,1.102549,0.981991,1014.237928
1237.924,19.577542,19.599552,1.097713,0.981404,1014.468171
1238.956,19.587314,19.609872,1.101274,0.981115,1014.221864
1239.988,19.589211,19.586685,1.096238,0.980084,1014.174074
1241.018,19.584135,19.601496,1.093565,0.981282,1014.301987
1242.052,19.589598,19.607838,1.102749,0.981648,1014.164318
1243.085,19.584435,19.597843,1.097447,0.98167,1014.294419
1244.116,19.578243,19.610185,1.100741,0.981115,1014.450508
1245.151,19.581248,19.605868,1.09422,0.980372,1014.37475
1246.183,19.579267,19.61441,1.102482,0.98004,1014.424679
1247.214,19.577877,19.608684,1.097769,0.981115,1014.459738
1248.246,19.588073,19.603029,1.095229,0.981515,1014.202748
1249.278,19.567659,19.612119,1.094863,0.980761,1014.717357
1250.312,19.579749,19.591468,1.094541,0.981204,1014.412528
1251.346,19.580334,19.582168,1.101163,0.980694,1014.397788
1252.379,19.580719,19.596304,1.09595,0.981104,1014.388095
1253.408,19.569756,19.603611,1.094741,0.980428,1014.664484
1254.442,19.570959,19.608647,1.100752,0.981315,1014.63413
1255.473,19.573349,19.603685,1.096837,0.981515,1014.573891
1256.506,19.572042,19.595809,1.103403,0.980517,1014.606832
1257.538,19.579317,19.597424,1.093798,0.981526,1014.423417
1258.568,19.590831,19.593486,1.099654,0.98126,1014.133256
1259.599,19.594339,19.620795,1.09931,0.980561,1014.044859
1260.631,19.582539,19.610304,1.095462,0.979929,1014.342218
1261.663,19.573962,19.595427,1.101296,0.981448,1014.558417
1262.694,19.580874,19.580229,1.102915,0.98137,1014.384177
1263.725,19.572838,19.598659,1.095063,0.98177,1014.586775
1264.756,19.570438,19.597987,1.098534,0.98137,1014.647281
1265.788,19.572853,19.596275,1.093687,0.98218,1014.586377
1266.82,19.57038,19.595188,1.103081,0.981736,1014.648742
1267.853,19.588315,19.585768,1.093998,0.982158,1014.196641
1268.884,19.569142,19.585378,1.10368,0.980328,1014.67996
1269.917,19.57303,19.602855,1.097735,0.981481,1014.581927
1270.95,19.592166,19.59941,1.103037,0.982501,1014.099608
1271.984,19.574937,19.593557,1.101296,0.98086,1014.533845
1273.016,19.567174,19.588026,1.100985,0.982036,1014.72958
1274.051,19.563663,19.584891,1.099299,0.980916,1014.818134
1275.081,19.57818,19.594384,1.103492,0.981614,1014.452102
1276.118,19.578806,19.586248,1.093787,0.981237,1014.436298
1277.148,19.560186,19.580959,1.104057,0.981193,1014.905836
1278.181,19.558179,19.603985,1.096582,0.981038,1014.956469
1279.214,19.568375,19.586066,1.096759,0.981104,1014.699289
1280.247,19.57029,19.603374,1.093377,0.981581,1014.651
1281.282,19.578469,19.597376,1.093488,0.98065,1014.444798
1282.314,19.576446,19.597166,1.102638,0.979818,1014.495794
1283.347,19.574247,19.594576,1.0988,0.981382,1014.551245
1284.377,19.566173,19.582953,1.099743,0.98096,1014.754823
1285.409,19.575245,19.587012,1.092489,0.981759,1014.526076
1286.44,19.577194,19.60108,1.103059,0.980871,1014.476936
1287.473,19.571968,19.584214,1.092745,0.979862,1014.608692
1288.506,19.577698,19.573567,1.103004,0.980151,1014.464253
1289.536,19.569463,19.590539,1.093288,0.98004,1014.671856
1290.568,19.564182,19.5856,1.104401,0.980461,1014.805046
1291.601,19.574386,19.598383,1.093355,0.979862,1014.547725
1292.631,19.579252,19.596776,1.098079,0.981005,1014.425077
1293.663,19.572406,19.599434,1.09666,0.979585,1014.597667
1294.695,19.568776,19.598783,1.100963,0.979962,1014.689193
1295.727,19.586437,19.599434,1.100786,0.980849,1014.243969
1296.758,19.564964,19.594071,1.095484,0.981492,1014.785315
1297.792,19.581878,19.610264,1.102738,0.980572,1014.358882
1298.824,19.584143,19.600656,1.099399,0.979763,1014.301788
1299.856,19.581425,19.59769,1.09656,0.980927,1014.370301
1300.886,19.567314,19.607507,1.100575,0.980871,1014.726059
1301.919,19.571626,19.60581,1.103359,0.980982,1014.617326
1302.951,19.574434,19.591484,1.096127,0.980506,1014.54653
1303.983,19.569469,19.588895,1.093477,0.980816,1014.671723
1305.019,19.561877,19.592232,1.099987,0.980239,1014.863179
1306.051,19.567767,19.593821,1.099277,0.981515,1014.714634
1307.085,19.569123,19.597519,1.092623,0.980561,1014.680425
1308.116,19.585213,19.596886,1.102105,0.980406,1014.274836
1309.146,19.571455,19.589783,1.093421,0.980783,1014.621643
1310.177,19.573828,19.604915,1.102959,0.981282,1014.561804
1311.207,19.572419,19.612516,1.099887,0.981337,1014.597335
1312.238,19.565699,19.605787,1.104379,0.981171,1014.76678
1313.272,19.577719,19.597074,1.094785,0.980428,1014.463722
1314.304,19.568462,19.606406,1.094031,0.982002,1014.697097
1315.334,19.585816,19.598783,1.103736,0.981282,1014.259634
1316.369,19.574223,19.587307,1.094031,0.981503,1014.551842
1317.399,19.576607,19.585821,1.103592,0.980883,1014.491744
1318.43,19.564593,19.581712,1.101518,0.979253,1014.794682
1319.462,19.57077,19.583748,1.096771,0.981892,1014.638912
1320.494,19.575532,19.587088,1.094941,0.98269,1014.518837
1321.526,19.575522,19.588194,1.10124,0.980738,1014.519103
1322.558,19.595446,19.603369,1.09514,0.981548,1014.016988
1323.588,19.582457,19.617076,1.090504,0.980239,1014.344276
1324.621,19.56777,19.595032,1.099865,0.980284,1014.714567
1325.653,19.561073,19.59563,1.089295,0.980506,1014.883444
1326.684,19.583416,19.603442,1.100397,0.981481,1014.320111
1327.715,19.584794,19.577142,1.09626,0.981248,1014.285391
1328.745,19.584567,19.591439,1.094042,0.981892,1014.2911
1329.776,19.593365,19.604233,1.090548,0.98137,1014.069412
1330.81,19.598219,19.582744,1.095828,0.980639,1013.947117
1331.844,19.592367,19.586042,1.095129,0.981481,1014.094564
1332.876,19.600047,19.606656,1.091702,0.980661,1013.901072
1333.906,19.588495,19.6026,1.100575,0.982535,1014.192128
1334.94,19.5752,19.607775,1.088985,0.981182,1014.527205
1335.972,19.582175,19.588518,1.101041,0.980705,1014.35138
1337.005,19.580603,19.587554,1.098889,0.983067,1014.391016
1338.039,19.566603,19.602658,1.095329,0.982391,1014.743995
1339.068,19.571286,19.602075,1.102083,0.982468,1014.625894
1340.102,19.564493,19.596376,1.10073,0.982335,1014.797207
1341.132,19.569079,19.602244,1.093787,0.981526,1014.681554
1342.164,19.585813,19.60517,1.090493,0.981847,1014.259701
1343.197,19.57505,19.612371,1.091946,0.980772,1014.53099
1344.228,19.571689,19.591192,1.098135,0.98157,1014.615732
1345.26,19.573836,19.604288,1.099255,0.98055,1014.561605
1346.293,19.562211,19.590849,1.100076,0.981648,1014.854741
1347.326,19.58089,19.605471,1.094619,0.981714,1014.383779
1348.356,19.573291,19.590441,1.090382,0.981681,1014.575352
1349.386,19.585889,19.586769,1.101684,0.981892,1014.257776
1350.42,19.590639,19.594332,1.096194,0.982845,1014.138101
1351.451,19.57618,19.586603,1.102327,0.982047,1014.502501
1352.485,19.574139,19.616886,1.093898,0.981526,1014.553967
1353.519,19.578272,19.605984,1.102926,0.981503,1014.449778
1354.552,19.584783,19.59562,1.099754,0.981005,1014.285656
1355.585,19.588202,19.593755,1.102771,0.981459,1014.199496
1356.619,19.583572,19.586827,1.101451,0.98147,1014.316194
1357.652,19.576525,19.593607,1.091181,0.980151,1014.493802
1358.684,19.574381,19.59921,1.096937,0.979519,1014.547858
1359.716,19.570464,19.598981,1.091125,0.981082,1014.646616
1360.749,19.576412,19.599389,1.100708,0.982091,1014.496658
1361.781,19.572864,19.591273,1.098246,0.98137,1014.586111
1362.812,19.575127,19.595812,1.095207,0.983134,1014.529064
1363.843,19.573991,19.590402,1.091891,0.981016,1014.557686
1364.874,19.575545,19.590715,1.102405,0.981149,1014.518505
1365.908,19.583956,19.59637,1.094785,0.981182,1014.306501
1366.94,19.572026,19.592006,1.102316,0.982402,1014.607231
1367.971,19.592264,19.593681,1.101972,0.980982,1014.097153
1369.006,19.577658,19.60688,1.095318,0.981725,1014.465249
1370.037,19.571515,19.59341,1.102793,0.98147,1014.620116
1371.069,19.580195,19.60781,1.09138,0.982113,1014.401307
1372.103,19.574542,19.582452,1.091114,0.981149,1014.543807
1373.137,19.571594,19.575648,1.100896,0.981714,1014.618123
1374.17,19.567214,19.585874,1.100841,0.982302,1014.728583
1375.202,19.572993,19.596249,1.097037,0.982756,1014.582857
1376.235,19.564972,19.602768,1.099011,0.981171,1014.785116
1377.268,19.570425,19.595975,1.094164,0.980361,1014.647613
1378.304,19.563442,19.593217,1.092844,0.981437,1014.823714
1379.334,19.567901,19.592799,1.097735,0.980761,1014.711246
1380.369,19.566479,19.592043,1.101107,0.980639,1014.747117
1381.4,19.557973,19.59317,1.10053,0.981503,1014.961652
1382.434,19.562385,19.591107,1.101584,0.980827,1014.850356
1383.465,19.565517,19.586079,1.096593,0.98167,1014.771364
1384.498,19.585589,19.576591,1.098589,0.981293,1014.265343
1385.529,19.553674,19.585044,1.095051,0.982302,1015.070108
1386.562,19.568562,19.590789,1.098135,0.980384,1014.694573
1387.596,19.582215,19.592353,1.098601,0.981781,1014.350384
1388.629,19.568418,19.592169,1.101695,0.982745,1014.698226
1389.662,19.57435,19.587099,1.096782,0.982091,1014.548655
1390.695,19.574313,19.591848,1.096515,0.980106,1014.549584
1391.726,19.572008,19.564577,1.090249,0.98096,1014.607696
1392.757,19.570138,19.606458,1.098046,0.981315,1014.654853
1393.791,19.554815,19.584401,1.090382,0.981304,1015.041331
1394.824,19.576452,19.59508,1.091536,0.981215,1014.495662
1395.858,19.572793,19.593439,1.098944,0.981515,1014.587904
1396.89,19.563945,19.594829,1.098212,0.980738,1014.811025
1397.923,19.573088,19.599797,1.094142,0.981027,1014.580466
1398.954,19.56705,19.594521,1.095628,0.980672,1014.732702
1399.989,19.553927,19.602892,1.099078,0.980472,1015.063728
1401.019,19.558869,19.585713,1.10378,0.981193,1014.939059
1402.051,19.566165,19.596233,1.100708,0.97953,1014.755022
1403.084,19.576652,19.6036,1.101939,0.980572,1014.490615
1404.117,19.571352,19.601757,1.101884,0.980206,1014.624233
1405.151,19.565799,19.597595,1.103336,0.981126,1014.764256
1406.187,19.561308,19.589748,1.103048,0.980927,1014.877531
1407.223,19.565275,19.596141,1.096471,0.981104,1014.777476
1408.253,19.570285,19.579473,1.096726,0.981559,1014.651133
1409.284,19.583935,19.59356,1.091491,0.98147,1014.307032
1410.315,19.576423,19.611284,1.098434,0.981182,1014.496392
1411.347,19.5694,19.583593,1.097458,0.981049,1014.67345
1412.379,19.566792,19.59033,1.100065,0.979995,1014.739212
1413.41,19.56753,19.591187,1.091902,0.979707,1014.720612
1414.444,19.568939,19.601607,1.095972,0.980372,1014.685074
1415.478,19.575232,19.58998,1.096649,0.980339,1014.526408
1416.509,19.575904,19.591998,1.099155,0.979718,1014.509474
1417.54,19.571871,19.582305,1.097137,0.980162,1014.611149
1418.576,19.552304,19.59503,1.095173,0.979519,1015.104669
1419.606,19.573222,19.589035,1.102627,0.979641,1014.577079
1420.638,19.570256,19.602323,1.096893,0.979618,1014.651864
1421.669,19.572266,19.602858,1.102826,0.979275,1014.601187
1422.7,19.565844,19.583595,1.100874,0.981237,1014.763127
1423.732,19.571694,19.595841,1.093942,0.980616,1014.615599
1424.767,19.575854,19.597692,1.092157,0.979275,1014.510736
1425.797,19.582926,19.597155,1.102749,0.97943,1014.332459
1426.829,19.570527,19.581375,1.093288,0.980517,1014.645022
1427.862,19.576396,19.597761,1.104013,0.978665,1014.497056
1428.895,19.561674,19.597893,1.102349,0.979297,1014.868295
1429.926,19.555855,19.564811,1.103192,0.979951,1015.015081
1430.959,19.564082,19.581067,1.102305,0.978288,1014.80757
1431.988,19.566603,19.591745,1.096227,0.980162,1014.743995
1433.02,19.577779,19.607636,1.102538,0.980217,1014.462194
1434.051,19.583424,19.589751,1.102238,0.978454,1014.319911
1435.083,19.56592,19.593892,1.103192,0.979918,1014.7612
1436.113,19.571823,19.591034,1.102771,0.979219,1014.612345
1437.149,19.567298,19.599945,1.099865,0.980661,1014.726458
1438.18,19.581009,19.603766,1.094386,0.979297,1014.380791
1439.212,19.569266,19.585294,1.092423,0.978898,1014.676838
1440.243,19.569877,19.587504,1.103492,0.979652,1014.661428
1441.276,19.575959,19.593676,1.093055,0.979929,1014.508079
1442.309,19.572843,19.586506,1.103425,0.979474,1014.586642
1443.339,19.572751,19.595793,1.10408,0.978288,1014.588967
1444.37,19.57313,19.589956,1.10398,0.980339,1014.579403
1445.403,19.56179,19.580977,1.093454,0.979729,1014.865372
1446.437,19.568697,19.596881,1.096283,0.978698,1014.691185
1447.466,19.56891,19.603753,1.093355,0.980306,1014.685805
1448.498,19.564806,19.593905,1.10307,0.979519,1014.789301
1449.53,19.578374,19.594163,1.093599,0.978787,1014.447188
1450.563,19.57047,19.605531,1.094242,0.980417,1014.646484
1451.595,19.568244,19.591092,1.102948,0.979851,1014.70261
1452.63,19.571829,19.600827,1.103059,0.978876,1014.612212
1453.662,19.566358,19.589364,1.095761,0.979652,1014.750173
1454.693,19.576249,19.581072,1.101972,0.978587,1014.500775
1455.724,19.578693,19.603295,1.092922,0.979485,1014.439154
1456.757,19.577271,19.593549,1.094785,0.980273,1014.47501
1457.79,19.579584,19.596494,1.098334,0.980284,1014.416711
1458.82,19.57239,19.592166,1.10378,0.97943,1014.598065
1459.85,19.562085,19.586559,1.092811,0.979774,1014.85793
1460.883,19.553534,19.592446,1.102405,0.97882,1015.073631
1461.916,19.564406,19.580469,1.098312,0.979197,1014.799399
1462.947,19.575116,19.585213,1.091924,0.979496,1014.52933
1463.98,19.558155,19.592064,1.102915,0.979474,1014.957067
1465.01,19.574049,19.602976,1.093587,0.980029,1014.556225
1466.045,19.555357,19.596381,1.103359,0.980361,1015.027641
1467.079,19.556493,19.592206,1.09839,0.979186,1014.998998
1468.112,19.558819,19.588397,1.101495,0.979973,1014.940322
1469.143,19.554849,19.594927,1.095074,0.980639,1015.040467
1470.177,19.567856,19.585895,1.103858,0.979951,1014.712375
1471.211,19.568386,19.574415,1.103104,0.979574,1014.699024
1472.242,19.569205,19.585594,1.102715,0.979474,1014.678366
1473.275,19.570807,19.592548,1.093454,0.979674,1014.637982
1474.309,19.567967,19.593657,1.104135,0.980517,1014.709585
1475.341,19.57489,19.589801,1.092512,0.979253,1014.535041
1476.374,19.571892,19.586424,1.101196,0.978377,1014.610618
1477.409,19.576059,19.586303,1.10388,0.97933,1014.505556
1478.442,19.558297,19.59189,1.097015,0.980639,1014.953479
1479.472,19.569126,19.604172,1.098135,0.978731,1014.680358
1480.503,19.576125,19.58276,1.096793,0.979496,1014.503896
1481.536,19.581733,19.591558,1.103891,0.980273,1014.362533
1482.571,19.558321,19.588147,1.098101,0.979097,1014.952881
1483.601,19.577634,19.586116,1.096704,0.979374,1014.465847
1484.634,19.563062,19.585415,1.093011,0.980195,1014.833281
1485.666,19.565947,19.590812,1.101917,0.979164,1014.760536
1486.698,19.559743,19.610762,1.096027,0.978565,1014.916999
1487.73,19.559767,19.598527,1.094852,0.979607,1014.916401
1488.762,19.56808,19.59744,1.101451,0.979585,1014.706729
1489.794,19.567999,19.597911,1.094708,0.979009,1014.708788
1490.825,19.554101,19.591316,1.096105,0.98025,1015.059342
1491.855,19.581269,19.595008,1.094785,0.978731,1014.374218
1492.886,19.566811,19.596357,1.094064,0.978587,1014.738747
1493.918,19.568315,19.613062,1.10093,0.979585,1014.700817
1494.949,19.576697,19.59367,1.099932,0.978831,1014.489486
1495.983,19.582262,19.600906,1.092467,0.978975,1014.349189
1497.014,19.558466,19.606337,1.10459,0.979064,1014.949226
1498.045,19.57062,19.616915,1.105344,0.980639,1014.642698
1499.079,19.576544,19.605608,1.101196,0.979308,1014.493337
1500.111,19.580819,19.614134,1.103226,0.979563,1014.385572
1501.143,19.571773,19.603682,1.102238,0.980761,1014.613607
1502.172,19.571378,19.589222,1.093732,0.979718,1014.623569
1503.206,19.597234,19.606306,1.100652,0.978221,1013.971933
1504.238,19.572319,19.60108,1.104579,0.981503,1014.599859
1505.271,19.576236,19.593652,1.092068,0.978632,1014.501107
1506.303,19.589972,19.607441,1.103248,0.979752,1014.154893
1507.335,19.57991,19.611695,1.102216,0.981326,1014.408478
1508.37,19.585479,19.600137,1.091857,0.979053,1014.268131
1509.4,19.571302,19.610544,1.099654,0.977744,1014.625495
1510.432,19.583219,19.600332,1.105255,0.979918,1014.32509
1511.464,19.575045,19.590644,1.102904,0.979086,1014.531123
1512.495,19.581859,19.615329,1.103969,0.978266,1014.359347
1513.526,19.577447,19.600806,1.092268,0.979031,1014.470561
1514.558,19.571434,19.612292,1.092301,0.979164,1014.622174
1515.591,19.572271,19.614634,1.103259,0.97953,1014.601054
1516.625,19.572216,19.604983,1.104812,0.980805,1014.602449
1517.657,19.592664,19.601867,1.094807,0.978243,1014.087065
1518.691,19.577529,19.60109,1.103259,0.979419,1014.468503
1519.72,19.576125,19.606553,1.095018,0.979541,1014.503896
1520.751,19.565667,19.602536,1.105333,0.978831,1014.767577
1521.782,19.565607,19.603032,1.102427,0.979663,1014.769105
1522.814,19.574494,19.613264,1.096138,0.979541,1014.545002
1523.844,19.569993,19.600013,1.104911,0.980971,1014.658506
1524.878,19.576478,19.59907,1.099699,0.976758,1014.494998
1525.913,19.576344,19.61663,1.105178,0.980206,1014.498384
1526.946,19.570533,19.613923,1.102549,0.980749,1014.64489
1527.979,19.569753,19.608328,1.095196,0.980616,1014.66455
1529.013,19.580829,19.604069,1.091536,0.978887,1014.385306
1530.043,19.571149,19.59927,1.092423,0.9776,1014.629348
1531.075,19.57347,19.60629,1.102638,0.97953,1014.570836
1532.107,19.564277,19.60452,1.09819,0.980639,1014.802654
1533.139,19.569545,19.59588,1.102982,0.979995,1014.669797
1534.172,19.549551,19.600221,1.093033,0.979031,1015.174129
1535.205,19.571455,19.60192,1.100919,0.97963,1014.621643
1536.236,19.569184,19.599333,1.099488,0.978975,1014.678897
1537.266,19.558824,19.594666,1.103159,0.980228,1014.940189
1538.3,19.574039,19.589759,1.096005,0.978754,1014.556491
1539.333,19.569203,19.597129,1.092989,0.979474,1014.678432
1540.367,19.56857,19.584678,1.094497,0.979097,1014.694374
1541.399,19.583345,19.600316,1.104656,0.979341,1014.321903
1542.432,19.563779,19.587831,1.102571,0.978687,1014.815211
1543.466,19.572761,19.588637,1.093898,0.979563,1014.588701
1544.498,19.582555,19.590317,1.092379,0.977977,1014.34182
1545.53,19.574278,19.597835,1.098578,0.979552,1014.550448
1546.562,19.576012,19.58635,1.102571,0.978931,1014.506751
1547.592,19.578251,19.592517,1.10307,0.978487,1014.450309
1548.625,19.579797,19.590562,1.101595,0.978565,1014.411333
1549.657,19.574157,19.585305,1.102105,0.978876,1014.553503
1550.688,19.577518,19.597498,1.098878,0.979729,1014.468768
1551.721,19.554343,19.597255,1.100708,0.97872,1015.053227
1552.756,19.559298,19.595688,1.104124,0.980816,1014.928228
1553.788,19.569845,19.58743,1.093643,0.979319,1014.662225
1554.818,19.559946,19.592077,1.10246,0.979397,1014.911882
1555.851,19.564585,19.591605,1.102715,0.980117,1014.794881
1556.88,19.582378,19.584449,1.099887,0.977878,1014.346268
1557.911,19.56656,19.603068,1.092911,0.979596,1014.745057
1558.941,19.565765,19.596723,1.094275,0.97923,1014.765119
1559.976,19.569342,19.598088,1.102061,0.981005,1014.674912
1561.007,19.556345,19.601093,1.093454,0.978864,1015.00272
1562.041,19.572809,19.590815,1.102216,0.979474,1014.587506
1563.072,19.574963,19.597189,1.092955,0.97892,1014.533181
1564.106,19.576504,19.598765,1.100819,0.978576,1014.494334
1565.138,19.559274,19.585473,1.095495,0.978521,1014.928826
1566.17,19.575577,19.601833,1.100031,0.978133,1014.517708
1567.203,19.566553,19.585755,1.100752,0.978676,1014.745257
1568.235,19.567843,19.581633,1.097192,0.979153,1014.712707
1569.269,19.567667,19.58438,1.10358,0.979663,1014.717158
1570.301,19.566408,19.589003,1.094175,0.979397,1014.74891
1571.335,19.578119,19.592043,1.094475,0.980295,1014.453629
1572.368,19.558774,19.598093,1.100164,0.978443,1014.941451
1573.401,19.577366,19.59346,1.097214,0.979208,1014.47262
1574.433,19.563529,19.602679,1.098024,0.979652,1014.821522
1575.463,19.568307,19.599576,1.103447,0.978687,1014.701016
1576.496,19.583053,19.584694,1.101107,0.978698,1014.329272
1577.528,19.563739,19.601786,1.093676,0.979197,1014.816207
1578.562,19.565386,19.606524,1.10236,0.979275,1014.774686
1579.592,19.556745,19.593789,1.100298,0.979363,1014.992619
1580.627,19.559369,19.593892,1.094619,0.97994,1014.926434
1581.659,19.565043,19.58766,1.103137,0.978798,1014.783322
1582.69,19.571336,19.602176,1.093565,0.97882,1014.624632
1583.721,19.582244,19.595938,1.094708,0.978443,1014.349654
1584.752,19.564885,19.602634,1.102682,0.978742,1014.787308
1585.786,19.567712,19.590539,1.101229,0.97933,1014.716028
1586.818,19.571513,19.59598,1.092634,0.978521,1014.620182
1587.847,19.575972,19.597903,1.099055,0.978033,1014.507747
1588.88,19.570335,19.598933,1.101773,0.977966,1014.649871
1589.909,19.558223,19.596971,1.091214,0.979097,1014.955339
1590.944,19.574631,19.605415,1.099654,0.97831,1014.541549
1591.978,19.571268,19.601072,1.095817,0.979352,1014.626359
1593.01,19.568202,19.595303,1.090471,0.979474,1014.703673
1594.041,19.577837,19.609432,1.100408,0.978953,1014.460734
1595.072,19.57564,19.602426,1.092512,0.979696,1014.516115
1596.104,19.582426,19.597218,1.092323,0.978831,1014.345073
1597.141,19.582644,19.588808,1.104434,0.97892,1014.339562
1598.173,19.56615,19.608126,1.096016,0.97963,1014.755421
1599.208,19.57971,19.59568,1.103259,0.979685,1014.413524
1600.241,19.570525,19.601607,1.099432,0.980162,1014.645089
1601.272,19.575693,19.600384,1.102416,0.979042,1014.514786
1602.304,19.575672,19.592922,1.103292,0.98065,1014.515318
1603.336,19.578216,19.609195,1.093998,0.97739,1014.451172
1604.368,19.575195,19.60629,1.104157,0.978665,1014.527337
1605.4,19.584517,19.605249,1.096759,0.978521,1014.292361
1606.431,19.572158,19.594995,1.098955,0.979386,1014.60391
1607.463,19.573952,19.607109,1.096504,0.978654,1014.558683
1608.496,19.567646,19.584904,1.10205,0.977878,1014.717689
1609.528,19.578108,19.595809,1.09463,0.978144,1014.453894
1610.56,19.57436,19.617168,1.094552,0.978731,1014.548389
1611.595,19.579473,19.601757,1.09361,0.979186,1014.4195
1612.625,19.57936,19.597268,1.09971,0.978953,1014.422355
1613.659,19.566484,19.610973,1.103325,0.979796,1014.746984
1614.689,19.579423,19.615472,1.096726,0.979663,1014.420761
1615.719,19.581678,19.615427,1.10114,0.979696,1014.363928
1616.752,19.567008,19.584838,1.098467,0.977822,1014.733765
1617.783,19.591065,19.596115,1.101872,0.978842,1014.127349
1618.819,19.59017,19.598103,1.096637,0.977456,1014.149915
1619.853,19.563168,19.599536,1.097214,0.979031,1014.830624
1620.884,19.58202,19.589817,1.096527,0.978931,1014.355297
1621.916,19.580326,19.601085,1.101418,0.97902,1014.397987
1622.947,19.592904,19.584928,1.102471,0.979541,1014.081026
1623.977,19.568781,19.604388,1.096027,0.979319,1014.68906
1625.009,19.563154,19.601098,1.096316,0.978776,1014.830956
1626.042,19.576781,19.597606,1.099022,0.978953,1014.487361
1627.073,19.576183,19.609358,1.100908,0.979951,1014.502435
1628.103,19.575277,19.604522,1.100974,0.980117,1014.525279
1629.134,19.577587,19.620692,1.095484,0.978898,1014.467042
1630.166,19.579731,19.611713,1.10317,0.980561,1014.412993
1631.198,19.580756,19.595867,1.101473,0.979341,1014.387165
1632.231,19.573652,19.591885,1.097647,0.979763,1014.566254
1633.263,19.575361,19.599065,1.102527,0.979785,1014.523154
1634.294,19.584248,19.589946,1.102937,0.979519,1014.299132
1635.327,19.568494,19.601628,1.098013,0.978931,1014.6963
1636.359,19.580748,19.597953,1.09626,0.979419,1014.387364
1637.393,19.57607,19.593238,1.101662,0.978255,1014.50529
1638.423,19.575372,19.588824,1.093765,0.979851,1014.522888
1639.457,19.572366,19.588113,1.092356,0.977367,1014.598663
1640.488,19.567859,19.603469,1.103004,0.977833,1014.712309
1641.519,19.565178,19.588581,1.094697,0.979053,1014.779934
1642.551,19.566776,19.607064,1.099654,0.978066,1014.73961
1643.584,19.575559,19.602413,1.101396,0.979574,1014.518173
1644.616,19.572013,19.597624,1.092201,0.978742,1014.607563
1645.645,19.556169,19.603732,1.10124,0.978554,1015.007172
1646.677,19.582644,19.594466,1.092745,0.978787,1014.339562
1647.709,19.568665,19.588555,1.102893,0.978255,1014.691983
1648.74,19.580495,19.594771,1.094608,0.978853,1014.393738
1649.773,19.563407,19.595406,1.092966,0.978798,1014.824578
1650.806,19.572066,19.600666,1.101373,0.97811,1014.606235
1651.839,19.567946,19.590236,1.092611,0.979119,1014.710117
1652.874,19.567838,19.606437,1.099954,0.977744,1014.71284
1653.905,19.564664,19.578922,1.093732,0.978532,1014.792888
1654.937,19.574558,19.589445,1.095872,0.978499,1014.543408
1655.968,19.5802,19.585573,1.09453,0.978521,1014.401174
1657.003,19.558136,19.587038,1.090072,0.979086,1014.957532
1658.034,19.557412,19.610019,1.101418,0.97994,1014.975806
1659.065,19.570928,19.579505,1.092545,0.97811,1014.634927
1660.097,19.556398,19.604933,1.092689,0.978421,1015.001391
1661.129,19.56248,19.602046,1.103359,0.979042,1014.847964
1662.162,19.564126,19.602539,1.101296,0.979075,1014.806441
1663.192,19.568141,19.61195,1.094896,0.979386,1014.705201
1664.222,19.567266,19.592812,1.096981,0.979519,1014.727255
1665.254,19.57332,19.592193,1.098789,0.978399,1014.574621
1666.288,19.570475,19.60354,1.098711,0.979563,1014.646351
1667.32,19.546799,19.587019,1.10205,0.97994,1015.243595
1668.351,19.550286,19.571305,1.09971,0.979818,1015.155583
1669.383,19.562657,19.59764,1.10185,0.978443,1014.843513
1670.415,19.570238,19.592127,1.103514,0.978776,1014.652329
1671.447,19.579528,19.594771,1.095939,0.978221,1014.418105
1672.479,19.567393,19.592596,1.103802,0.97923,1014.724066
1673.515,19.582934,19.581496,1.102094,0.978942,1014.33226
1674.545,19.570275,19.600192,1.09778,0.97699,1014.651399
1675.578,19.578543,19.577234,1.103603,0.978022,1014.442938
1676.611,19.582465,19.602494,1.092955,0.978909,1014.344077
1677.642,19.573717,19.59735,1.092789,0.977611,1014.564593
1678.675,19.568209,19.599657,1.09331,0.978099,1014.703474
1679.706,19.574963,19.591555,1.101274,0.979075,1014.533181
1680.74,19.577487,19.585663,1.103625,0.97831,1014.469565
1681.77,19.561816,19.584694,1.100786,0.978887,1014.864707
1682.801,19.563463,19.584375,1.092966,0.97709,1014.823183
1683.832,19.56508,19.600919,1.100686,0.978299,1014.782392
1684.864,19.576494,19.604138,1.100431,0.977279,1014.494599
1685.897,19.572248,19.609374,1.094009,0.978476,1014.601652
1686.928,19.578222,19.601849,1.096405,0.978288,1014.451039
1687.963,19.575398,19.600882,1.09331,0.977024,1014.522224
1688.996,19.585223,19.603859,1.099688,0.9777,1014.27457
1690.032,19.571125,19.591434,1.099011,0.977379,1014.629945
1691.064,19.570219,19.595477,1.09809,0.978299,1014.652793
1692.097,19.577792,19.598314,1.092667,0.979241,1014.461862
1693.126,19.563436,19.58403,1.096527,0.977013,1014.823847
1694.157,19.582015,19.595035,1.098268,0.977678,1014.35543
1695.19,19.559158,19.603982,1.092367,0.977667,1014.93175
1696.221,19.572229,19.598138,1.096271,0.976968,1014.602117
1697.257,19.570393,19.604172,1.103636,0.979264,1014.64841
1698.288,19.559559,19.609011,1.093953,0.978587,1014.92165
1699.322,19.554293,19.595801,1.098556,0.978188,1015.05449
1700.353,19.566223,19.589443,1.102039,0.977922,1014.75356
1701.386,19.568852,19.596033,1.095273,0.977301,1014.687266
1702.416,19.571226,19.585605,1.099843,0.9777,1014.627421
1703.449,19.574444,19.589577,1.099798,0.978388,1014.546264
1704.482,19.575414,19.600461,1.099976,0.979607,1014.521826
1705.515,19.580308,19.584032,1.090182,0.978565,1014.398452
1706.545,19.569524,19.593965,1.09697,0.980284,1014.670329
1707.577,19.572213,19.601709,1.096815,0.979873,1014.602515
1708.611,19.567356,19.604928,1.09575,0.979685,1014.724996
1709.642,19.570267,19.595825,1.100952,0.979153,1014.651598
1710.674,19.574389,19.600492,1.099011,0.980295,1014.547658
1711.704,19.57662,19.597629,1.096183,0.979308,1014.491412
1712.737,19.555307,19.605378,1.088774,0.979441,1015.028904
1713.768,19.562346,19.589343,1.08975,0.979108,1014.851353
1714.802,19.569848,19.601364,1.097125,0.978754,1014.662159
1715.834,19.585289,19.601601,1.0927,0.97892,1014.272911
1716.864,19.572406,19.586464,1.094907,0.980328,1014.597667
1717.897,19.567438,19.581604,1.096915,0.979585,1014.722937
1718.932,19.575063,19.582963,1.096039,0.979053,1014.530658
1719.964,19.575717,19.568994,1.100786,0.979951,1014.514189
1720.998,19.553619,19.592762,1.091059,0.978765,1015.071504
1722.028,19.576207,19.577613,1.102937,0.979962,1014.501837
1723.061,19.558774,19.58044,1.098578,0.97974,1014.941451
1724.091,19.563057,19.591821,1.092301,0.978099,1014.833414
1725.126,19.573064,19.580297,1.097724,0.978953,1014.581063
1726.157,19.557438,19.592448,1.093843,0.977988,1014.975142
1727.19,19.556453,19.590449,1.101617,0.979219,1014.999995
1728.224,19.566542,19.584601,1.094441,0.977811,1014.745522
1729.254,19.563041,19.597779,1.103026,0.977722,1014.833813
1730.285,19.561403,19.581801,1.098922,0.978321,1014.875139
1731.319,19.572319,19.590049,1.102616,0.978776,1014.599859
1732.35,19.564964,19.587517,1.100819,0.979541,1014.785315
1733.381,19.56832,19.576644,1.094464,0.979707,1014.700684
1734.416,19.564163,19.566197,1.093255,0.978354,1014.805511
1735.448,19.561455,19.570833,1.096848,0.979574,1014.87381
1736.48,19.564738,19.566726,1.103015,0.9776,1014.791028
1737.513,19.577158,19.584027,1.102682,0.9777,1014.477865
1738.548,19.580606,19.582252,1.09239,0.978754,1014.39095
1739.58,19.581646,19.592885,1.094275,0.977811,1014.364724
1740.615,19.578211,19.595172,1.096493,0.979663,1014.451305
1741.645,19.570888,19.590699,1.097613,0.978266,1014.635923
1742.68,19.580079,19.577334,1.100752,0.977767,1014.404229
1743.713,19.565488,19.586177,1.089317,0.978077,1014.772095
1744.748,19.568784,19.584651,1.097547,0.97709,1014.688993
1745.779,19.556682,19.574439,1.095351,0.978077,1014.994214
1746.813,19.568797,19.597255,1.098013,0.978831,1014.688661
1747.843,19.57741,19.594922,1.100375,0.977489,1014.471491
1748.878,19.563779,19.606232,1.094641,0.978454,1014.815211
1749.908,19.556169,19.578548,1.095406,0.97923,1015.007172
1750.941,19.562593,19.582892,1.098656,0.978133,1014.845108
1751.971,19.575948,19.586556,1.098279,0.977689,1014.508345
1753.005,19.57431,19.596578,1.093654,0.978255,1014.549651
1754.037,19.578672,19.578588,1.090892,0.977323,1014.439685
1755.071,19.565178,19.575419,1.101274,0.977257,1014.779934
1756.105,19.575003,19.586793,1.104202,0.977356,1014.532185
1757.138,19.569416,19.585692,1.091713,0.978255,1014.673052
1758.168,19.555974,19.596752,1.100375,0.977955,1015.01209
1759.199,19.569874,19.589011,1.094364,0.979674,1014.661495
1760.23,19.563236,19.587683,1.097802,0.978898,1014.828897
1761.264,19.55595,19.562167,1.089905,0.978077,1015.012688
1762.296,19.570211,19.598217,1.094685,0.97729,1014.652993
1763.33,19.558784,19.584665,1.100963,0.976747,1014.941185
1764.36,19.564155,19.591803,1.090371,0.978598,1014.80571
1765.391,19.569685,19.579278,1.096249,0.97892,1014.666277
1766.424,19.566906,19.593191,1.101418,0.978121,1014.736355
1767.458,19.556113,19.578469,1.091158,0.977977,1015.008568
1768.49,19.572711,19.599694,1.095295,0.977168,1014.589963
1769.528,19.567672,19.594787,1.098734,0.977645,1014.717025
